-0.556507	 0.244108	 0.128093	 0.206634	 0.502238	 0.864729	 0.004000
-0.556941	 0.244337	 0.124633	 0.208639	 0.500307	 0.865848	 0.004000
-0.557399	 0.243960	 0.121166	 0.210636	 0.497780	 0.867303	 0.004000
-0.558149	 0.243697	 0.117694	 0.212622	 0.495143	 0.868812	 0.004001
-0.559304	 0.243148	 0.114215	 0.214596	 0.492041	 0.870572	 0.004000
-0.559944	 0.243160	 0.110728	 0.216556	 0.487743	 0.872987	 0.004000
-0.560782	 0.243443	 0.107230	 0.218496	 0.482159	 0.876084	 0.004001
-0.561412	 0.243841	 0.103717	 0.220410	 0.475099	 0.879933	 0.003999
-0.562870	 0.243521	 0.100189	 0.222293	 0.466220	 0.884669	 0.004000
-0.564003	 0.243467	 0.096638	 0.224135	 0.455215	 0.890382	 0.004000
-0.566102	 0.242275	 0.093060	 0.225923	 0.438552	 0.898706	 0.004000
-0.567472	 0.242230	 0.089448	 0.227640	 0.420244	 0.907411	 0.004000
-0.569888	 0.240469	 0.085800	 0.229280	 0.399704	 0.916644	 0.004000
-0.571748	 0.239459	 0.082115	 0.230835	 0.377573	 0.925980	 0.003999
-0.573439	 0.238793	 0.078392	 0.232297	 0.353730	 0.935348	 0.004000
-0.575966	 0.237016	 0.074632	 0.233662	 0.328493	 0.944506	 0.004000
-0.577983	 0.236106	 0.070837	 0.234924	 0.302471	 0.953159	 0.004000
-0.579565	 0.236250	 0.067007	 0.236078	 0.274510	 0.961584	 0.004000
-0.582351	 0.234591	 0.063150	 0.237135	 0.254044	 0.967193	 0.003999
-0.584990	 0.233025	 0.059272	 0.238117	 0.236939	 0.971525	 0.004001
-0.587341	 0.231940	 0.055379	 0.239034	 0.221794	 0.975094	 0.003999
-0.589297	 0.231775	 0.051474	 0.239897	 0.209731	 0.977759	 0.004000
-0.592082	 0.230455	 0.047558	 0.240717	 0.199999	 0.979796	 0.004000
-0.594949	 0.228967	 0.043636	 0.241503	 0.193259	 0.981148	 0.004000
-0.597945	 0.227227	 0.039711	 0.242269	 0.189520	 0.981877	 0.004000
-0.600564	 0.226210	 0.035782	 0.243021	 0.186246	 0.982503	 0.004000
-0.602948	 0.225975	 0.031851	 0.243760	 0.183253	 0.983066	 0.004000
-0.605890	 0.224800	 0.027917	 0.244488	 0.180711	 0.983536	 0.004001
-0.609064	 0.223433	 0.023982	 0.245203	 0.177041	 0.984203	 0.003999
-0.612534	 0.221440	 0.020044	 0.245902	 0.172723	 0.984970	 0.004001
-0.615826	 0.219703	 0.016102	 0.246582	 0.167005	 0.985956	 0.004000
-0.618667	 0.218883	 0.012156	 0.247236	 0.160266	 0.987074	 0.004000
-0.621452	 0.218499	 0.008205	 0.247862	 0.152735	 0.988267	 0.004000
-0.624310	 0.217214	 0.004249	 0.248449	 0.140763	 0.990043	 0.004000
-0.627511	 0.215889	 0.000286	 0.248992	 0.130249	 0.991481	 0.004000
-0.630897	 0.213966	 -0.003683	 0.249493	 0.120235	 0.992745	 0.004000
-0.634359	 0.211588	 -0.007657	 0.249952	 0.109502	 0.993987	 0.004000
-0.637599	 0.209333	 -0.011635	 0.250366	 0.097749	 0.995211	 0.004000
-0.640425	 0.207649	 -0.015618	 0.250730	 0.084256	 0.996444	 0.004000
-0.642945	 0.206418	 -0.019606	 0.251049	 0.074993	 0.997184	 0.004000
-0.645290	 0.205385	 -0.023596	 0.251331	 0.066008	 0.997819	 0.004000
-0.647537	 0.204374	 -0.027588	 0.251578	 0.057746	 0.998331	 0.004000
-0.649707	 0.203303	 -0.031583	 0.251785	 0.045496	 0.998965	 0.004000
-0.651829	 0.202151	 -0.035579	 0.251951	 0.037750	 0.999287	 0.004000
-0.652964	 0.200779	 -0.039577	 0.252086	 0.029503	 0.999565	 0.004000
-0.654813	 0.199508	 -0.043575	 0.252186	 0.020749	 0.999785	 0.004000
-0.656489	 0.198202	 -0.047575	 0.252248	 0.009751	 0.999952	 0.004000
-0.657986	 0.196884	 -0.051574	 0.252270	 0.001250	 0.999999	 0.004000
-0.659301	 0.195572	 -0.055574	 0.252259	 -0.006251	 0.999980	 0.004000
-0.660423	 0.194277	 -0.059574	 0.252219	 -0.014248	 0.999898	 0.004001
-0.661347	 0.192999	 -0.063574	 0.252140	 -0.025252	 0.999681	 0.004000
-0.662111	 0.191735	 -0.067572	 0.252025	 -0.031995	 0.999488	 0.004001
-0.663711	 0.190580	 -0.071570	 0.251885	 -0.038006	 0.999278	 0.003999
-0.664231	 0.189310	 -0.075566	 0.251719	 -0.045249	 0.998976	 0.004000
-0.664628	 0.187941	 -0.079561	 0.251519	 -0.054505	 0.998514	 0.004000
-0.664965	 0.186405	 -0.083554	 0.251290	 -0.059992	 0.998199	 0.004001
-0.665260	 0.184655	 -0.087547	 0.251039	 -0.065492	 0.997853	 0.004000
-0.665470	 0.182725	 -0.091537	 0.250762	 -0.072765	 0.997349	 0.003999
-0.665487	 0.180848	 -0.095525	 0.250457	 -0.079741	 0.996816	 0.004000
-0.665109	 0.179432	 -0.099512	 0.250128	 -0.085259	 0.996359	 0.004000
-0.664219	 0.178658	 -0.103495	 0.249775	 -0.091009	 0.995850	 0.004000
-0.662967	 0.178240	 -0.107478	 0.249395	 -0.098984	 0.995089	 0.004001
-0.661619	 0.177808	 -0.111457	 0.248991	 -0.103019	 0.994679	 0.003999
-0.660321	 0.177186	 -0.115435	 0.248570	 -0.107221	 0.994235	 0.004001
-0.659130	 0.176302	 -0.119411	 0.248125	 -0.115507	 0.993307	 0.004000
-0.658629	 0.175323	 -0.123383	 0.247655	 -0.119510	 0.992833	 0.004000
-0.658006	 0.173535	 -0.127353	 0.247169	 -0.123481	 0.992347	 0.004001
-0.657303	 0.171635	 -0.131321	 0.246662	 -0.130034	 0.991510	 0.003999
-0.656133	 0.170388	 -0.135286	 0.246135	 -0.133719	 0.991019	 0.004001
-0.654386	 0.170000	 -0.139249	 0.245594	 -0.136764	 0.990604	 0.004000
-0.652426	 0.169864	 -0.143210	 0.245037	 -0.141491	 0.989939	 0.004000
-0.650663	 0.169424	 -0.147169	 0.244464	 -0.145235	 0.989397	 0.004000
-0.649444	 0.168804	 -0.151126	 0.243877	 -0.147754	 0.989024	 0.004000
-0.648757	 0.167141	 -0.155081	 0.243279	 -0.151494	 0.988458	 0.004000
-0.648018	 0.165408	 -0.159034	 0.242667	 -0.154255	 0.988031	 0.004000
-0.646701	 0.164481	 -0.162985	 0.242045	 -0.156771	 0.987635	 0.003999
-0.644801	 0.164366	 -0.166934	 0.241413	 -0.159492	 0.987199	 0.004000
-0.642881	 0.164248	 -0.170882	 0.240767	 -0.163507	 0.986542	 0.004000
-0.641327	 0.163999	 -0.174828	 0.240109	 -0.165493	 0.986211	 0.004000
-0.640699	 0.162462	 -0.178771	 0.239441	 -0.168776	 0.985654	 0.003999
-0.639990	 0.160816	 -0.182712	 0.238757	 -0.172987	 0.984924	 0.004000
-0.638596	 0.160015	 -0.186651	 0.238060	 -0.175739	 0.984437	 0.004000
-0.636592	 0.159987	 -0.190588	 0.237348	 -0.179985	 0.983669	 0.004000
-0.634644	 0.159822	 -0.194521	 0.236621	 -0.183262	 0.983064	 0.004000
-0.633297	 0.159244	 -0.198453	 0.235884	 -0.185481	 0.982648	 0.004000
-0.632820	 0.157594	 -0.202381	 0.235131	 -0.191258	 0.981540	 0.004000
-0.631632	 0.156514	 -0.206306	 0.234360	 -0.194000	 0.981001	 0.004000
-0.629704	 0.156365	 -0.210229	 0.233579	 -0.196260	 0.980552	 0.004000
-0.627979	 0.156287	 -0.214149	 0.232785	 -0.200969	 0.979598	 0.004001
-0.626814	 0.155782	 -0.218067	 0.231977	 -0.203036	 0.979171	 0.003999
-0.626068	 0.154263	 -0.221982	 0.231161	 -0.205002	 0.978761	 0.004000
-0.624991	 0.153405	 -0.225895	 0.230332	 -0.209273	 0.977857	 0.004000
-0.623367	 0.153359	 -0.229806	 0.229492	 -0.210707	 0.977549	 0.004001
-0.621665	 0.153234	 -0.233716	 0.228645	 -0.213250	 0.976998	 0.004000
-0.620698	 0.152459	 -0.237623	 0.227786	 -0.216030	 0.976387	 0.003999
-0.620546	 0.151184	 -0.241527	 0.226919	 -0.217513	 0.976057	 0.004000
-0.619406	 0.150883	 -0.245430	 0.226043	 -0.220476	 0.975392	 0.004000
-0.617905	 0.150969	 -0.249331	 0.225157	 -0.222540	 0.974924	 0.003999
-0.616974	 0.150575	 -0.253229	 0.224264	 -0.224019	 0.974585	 0.004000
-0.617099	 0.149433	 -0.257127	 0.223361	 -0.227159	 0.973858	 0.004002
-0.616572	 0.148797	 -0.261022	 0.222450	 -0.228510	 0.973542	 0.004000
-0.615446	 0.148861	 -0.264914	 0.221531	 -0.231046	 0.972943	 0.003999
-0.614641	 0.148674	 -0.268805	 0.220602	 -0.233761	 0.972294	 0.004000
-0.614985	 0.147755	 -0.272694	 0.219664	 -0.235178	 0.971952	 0.004001
-0.614942	 0.147040	 -0.276581	 0.218718	 -0.237296	 0.971437	 0.003999
-0.614200	 0.147117	 -0.280465	 0.217765	 -0.239534	 0.970888	 0.003999
-0.613664	 0.147039	 -0.284347	 0.216804	 -0.240947	 0.970538	 0.004001
-0.614354	 0.146276	 -0.288228	 0.215832	 -0.244770	 0.969581	 0.004000
-0.614670	 0.145631	 -0.292106	 0.214851	 -0.246005	 0.969269	 0.004000
-0.614325	 0.145704	 -0.295980	 0.213861	 -0.249296	 0.968427	 0.003999
-0.614227	 0.145600	 -0.299852	 0.212857	 -0.252229	 0.967668	 0.004000
-0.615521	 0.144806	 -0.303723	 0.211845	 -0.253694	 0.967285	 0.004001
-0.616159	 0.144293	 -0.307590	 0.210824	 -0.257040	 0.966401	 0.003999
-0.616275	 0.144371	 -0.311454	 0.209790	 -0.259731	 0.965681	 0.004000
-0.616275	 0.144371	 -0.315316	 0.208748	 -0.261784	 0.965126	 0.003999
-0.617154	 0.144299	 -0.319175	 0.207693	 -0.265464	 0.964121	 0.004001
-0.618835	 0.143322	 -0.323030	 0.206628	 -0.267218	 0.963636	 0.004000
-0.619713	 0.143090	 -0.326883	 0.205553	 -0.270029	 0.962852	 0.004000
-0.620468	 0.143162	 -0.330733	 0.204468	 -0.272309	 0.962210	 0.003999
-0.622791	 0.142716	 -0.334581	 0.203377	 -0.273466	 0.961882	 0.004000
-0.624664	 0.142117	 -0.338427	 0.202277	 -0.276206	 0.961098	 0.004001
-0.625811	 0.142184	 -0.342272	 0.201172	 -0.276273	 0.961079	 0.004000
-0.628172	 0.142208	 -0.346116	 0.200068	 -0.276273	 0.961079	 0.004000
-0.631429	 0.141338	 -0.349959	 0.198956	 -0.279702	 0.960087	 0.004001
-0.633673	 0.141254	 -0.353798	 0.197833	 -0.281286	 0.959624	 0.003999
-0.635555	 0.141458	 -0.357634	 0.196701	 -0.285008	 0.958525	 0.004000
-0.639508	 0.141171	 -0.361468	 0.195561	 -0.284710	 0.958614	 0.004001
-0.642661	 0.140965	 -0.365303	 0.194422	 -0.285008	 0.958525	 0.004000
-0.645452	 0.141228	 -0.369137	 0.193282	 -0.284778	 0.958594	 0.004000
-0.650386	 0.141304	 -0.372970	 0.192140	 -0.286453	 0.958094	 0.004001
-0.654476	 0.140886	 -0.376802	 0.190989	 -0.289022	 0.957322	 0.004000
-0.657926	 0.141123	 -0.380629	 0.189826	 -0.292504	 0.956264	 0.004000
-0.661604	 0.141321	 -0.384453	 0.188654	 -0.293489	 0.955963	 0.004000
-0.668653	 0.141023	 -0.388277	 0.187480	 -0.293489	 0.955963	 0.004000
-0.673102	 0.141144	 -0.392099	 0.186301	 -0.296053	 0.955171	 0.003999
-0.677701	 0.141335	 -0.395918	 0.185113	 -0.298019	 0.954560	 0.004000
-0.686251	 0.141027	 -0.399734	 0.183912	 -0.302172	 0.953253	 0.004001
-0.691916	 0.140888	 -0.403546	 0.182700	 -0.304277	 0.952584	 0.004000
-0.697378	 0.141082	 -0.407355	 0.181478	 -0.306462	 0.951883	 0.004000
-0.707620	 0.140818	 -0.411162	 0.180252	 -0.306535	 0.951859	 0.004000
-0.714361	 0.140580	 -0.414968	 0.179024	 -0.307814	 0.951447	 0.003999
-0.714361	 0.140580	 -0.418772	 0.177786	 -0.310973	 0.950419	 0.004000
-0.720976	 0.140677	 -0.422572	 0.176536	 -0.314202	 0.949356	 0.004001
-0.734324	 0.140080	 -0.426368	 0.175274	 -0.316528	 0.948583	 0.004000
-0.742408	 0.139759	 -0.430160	 0.174001	 -0.320275	 0.947325	 0.004000
-0.749323	 0.140028	 -0.433945	 0.172708	 -0.325960	 0.945384	 0.004000
-0.764058	 0.139869	 -0.437724	 0.171397	 -0.329471	 0.944166	 0.004000
-0.773097	 0.139875	 -0.441498	 0.170071	 -0.333801	 0.942644	 0.003999
-0.781328	 0.140187	 -0.445265	 0.168725	 -0.338932	 0.940811	 0.004001
-0.802262	 0.139695	 -0.449025	 0.167359	 -0.343990	 0.938973	 0.004000
-0.811138	 0.140141	 -0.452767	 0.165948	 -0.361324	 0.932440	 0.003999
-0.833678	 0.140504	 -0.456488	 0.164481	 -0.372726	 0.927941	 0.004000
-0.843023	 0.140697	 -0.460191	 0.162969	 -0.383301	 0.923623	 0.003999
-0.847883	 0.141493	 -0.463867	 0.161391	 -0.405443	 0.914121	 0.004001
-0.876612	 0.141432	 -0.467501	 0.159721	 -0.429526	 0.903055	 0.004000
-0.877443	 0.142269	 -0.471093	 0.157964	 -0.449313	 0.893375	 0.003999
-0.907803	 0.142200	 -0.474644	 0.156122	 -0.471639	 0.881792	 0.004001
-0.894304	 0.144072	 -0.478121	 0.154146	 -0.516150	 0.856498	 0.003999
-0.917825	 0.145711	 -0.481509	 0.152023	 -0.545726	 0.837964	 0.004000
-0.937890	 0.148756	 -0.484809	 0.149763	 -0.583883	 0.811838	 0.004001
-0.886332	 0.153132	 -0.487986	 0.147336	 -0.629773	 0.776779	 0.004000
-0.947311	 0.152992	 -0.491019	 0.144729	 -0.673469	 0.739216	 0.004000
-0.923061	 0.157115	 -0.493850	 0.141910	 -0.736230	 0.676732	 0.004000
-0.857214	 0.166445	 -0.496407	 0.138840	 -0.798828	 0.601559	 0.004000
-0.717190	 0.183537	 -0.498633	 0.135523	 -0.859340	 0.511405	 0.004001
-0.709654	 0.191872	 -0.500397	 0.131947	 -0.928907	 0.370313	 0.003999
-0.357066	 0.288159	 -0.501463	 0.128115	 -0.986629	 0.162980	 0.004000
-0.211935	 0.428696	 -0.501467	 0.124169	 -0.986949	 -0.161032	 0.003999
0.087088	 0.795707	 -0.500167	 0.120451	 -0.872276	 -0.489014	 0.004000
0.353553	 0.132291	 -0.497683	 0.117390	 -0.657885	 -0.753118	 0.004001
0.391375	 0.121040	 -0.494378	 0.115198	 -0.438291	 -0.898833	 0.004000
0.466914	 0.098021	 -0.490656	 0.113781	 -0.270029	 -0.962852	 0.004000
0.478998	 0.096182	 -0.486755	 0.112922	 -0.159209	 -0.987245	 0.004001
0.485570	 0.095449	 -0.482787	 0.112431	 -0.086500	 -0.996252	 0.004000
0.488863	 0.095248	 -0.478797	 0.112179	 -0.039758	 -0.999209	 0.003999
0.489014	 0.095369	 -0.474799	 0.112082	 -0.008750	 -0.999962	 0.004000
0.487743	 0.095636	 -0.470799	 0.112103	 0.019496	 -0.999810	 0.004001
0.485815	 0.095953	 -0.466800	 0.112193	 0.025498	 -0.999675	 0.004000
0.483745	 0.096278	 -0.462801	 0.112296	 0.026004	 -0.999662	 0.003999
0.481717	 0.096594	 -0.458803	 0.112394	 0.023000	 -0.999735	 0.004000
0.479869	 0.096889	 -0.454803	 0.112462	 0.010999	 -0.999940	 0.004000
0.478261	 0.097161	 -0.450803	 0.112477	 -0.003500	 -0.999994	 0.004000
0.476891	 0.097407	 -0.446804	 0.112439	 -0.015252	 -0.999884	 0.003999
0.475724	 0.097634	 -0.442804	 0.112355	 -0.026997	 -0.999636	 0.004000
0.474718	 0.097845	 -0.438808	 0.112207	 -0.047007	 -0.998895	 0.003999
0.473758	 0.098053	 -0.434814	 0.111988	 -0.062752	 -0.998029	 0.004000
0.471578	 0.098405	 -0.430824	 0.111704	 -0.078742	 -0.996895	 0.004000
0.469910	 0.098702	 -0.426839	 0.111357	 -0.094750	 -0.995501	 0.004000
0.467706	 0.099066	 -0.422862	 0.110934	 -0.117015	 -0.993130	 0.003999
0.464978	 0.099497	 -0.418894	 0.110428	 -0.135961	 -0.990714	 0.004001
0.462655	 0.099877	 -0.414937	 0.109848	 -0.154293	 -0.988025	 0.003999
0.462362	 0.100010	 -0.410992	 0.109190	 -0.174484	 -0.984660	 0.004000
0.463977	 0.099921	 -0.407060	 0.108450	 -0.195732	 -0.980658	 0.004000
0.462261	 0.100262	 -0.403149	 0.107616	 -0.221005	 -0.975273	 0.004000
0.460106	 0.100640	 -0.399259	 0.106681	 -0.246709	 -0.969090	 0.004001
0.460106	 0.100640	 -0.395395	 0.105651	 -0.268340	 -0.963324	 0.003999
0.458168	 0.100987	 -0.391556	 0.104531	 -0.291450	 -0.956586	 0.004001
0.457710	 0.101170	 -0.387743	 0.103321	 -0.313301	 -0.949654	 0.003999
0.456464	 0.101440	 -0.383958	 0.102028	 -0.333421	 -0.942778	 0.004001
0.454366	 0.101817	 -0.380201	 0.100656	 -0.352455	 -0.935829	 0.004000
0.452687	 0.102164	 -0.376472	 0.099210	 -0.370507	 -0.928830	 0.004000
0.450982	 0.102497	 -0.372766	 0.097704	 -0.382676	 -0.923882	 0.004001
0.450072	 0.102730	 -0.369078	 0.096155	 -0.391818	 -0.920043	 0.004000
0.445525	 0.103489	 -0.365404	 0.094574	 -0.398898	 -0.916995	 0.004000
0.444050	 0.103802	 -0.361741	 0.092967	 -0.404284	 -0.914634	 0.003999
0.444050	 0.103802	 -0.358086	 0.091344	 -0.407233	 -0.913324	 0.004000
0.440090	 0.104479	 -0.354434	 0.089710	 -0.409959	 -0.912104	 0.004001
0.438787	 0.104750	 -0.350788	 0.088067	 -0.411601	 -0.911364	 0.003999
0.437647	 0.105024	 -0.347142	 0.086421	 -0.411321	 -0.911491	 0.004000
0.436518	 0.105280	 -0.343497	 0.084773	 -0.412526	 -0.910946	 0.004000
0.437029	 0.105284	 -0.339854	 0.083121	 -0.413325	 -0.910584	 0.004001
0.434138	 0.105862	 -0.336212	 0.081466	 -0.414146	 -0.910211	 0.003999
0.432939	 0.106153	 -0.332573	 0.079807	 -0.415420	 -0.909630	 0.004001
0.429009	 0.106944	 -0.328935	 0.078144	 -0.416147	 -0.909297	 0.004000
0.428074	 0.107224	 -0.325299	 0.076477	 -0.417514	 -0.908671	 0.004000
0.422593	 0.108297	 -0.321666	 0.074802	 -0.419886	 -0.907577	 0.004000
0.422593	 0.108297	 -0.318037	 0.073119	 -0.421592	 -0.906786	 0.004000
0.421543	 0.108578	 -0.314412	 0.071429	 -0.423399	 -0.905944	 0.004000
0.418803	 0.109180	 -0.310790	 0.069731	 -0.425928	 -0.904757	 0.004000
0.418087	 0.109394	 -0.307173	 0.068023	 -0.427751	 -0.903897	 0.004000
0.417175	 0.109706	 -0.303559	 0.066308	 -0.429827	 -0.902911	 0.003999
0.416157	 0.110004	 -0.299950	 0.064585	 -0.431910	 -0.901917	 0.004000
0.413598	 0.110669	 -0.296344	 0.062852	 -0.434209	 -0.900812	 0.004001
0.411378	 0.111227	 -0.292743	 0.061110	 -0.436580	 -0.899665	 0.003999
0.409266	 0.111774	 -0.289147	 0.059360	 -0.438914	 -0.898529	 0.004000
0.406223	 0.112565	 -0.285556	 0.057597	 -0.442407	 -0.896814	 0.004000
0.406223	 0.112565	 -0.281972	 0.055820	 -0.445973	 -0.895046	 0.004001
0.404946	 0.112971	 -0.278397	 0.054026	 -0.450991	 -0.892529	 0.003999
0.404685	 0.113125	 -0.274834	 0.052210	 -0.457382	 -0.889270	 0.004001
0.404473	 0.113329	 -0.271284	 0.050367	 -0.463858	 -0.885909	 0.003999
0.404120	 0.113521	 -0.267749	 0.048496	 -0.471801	 -0.881705	 0.004000
0.401339	 0.114325	 -0.264232	 0.046591	 -0.480834	 -0.876812	 0.004000
0.399180	 0.114950	 -0.260736	 0.044647	 -0.490904	 -0.871213	 0.004000
0.399180	 0.114950	 -0.257263	 0.042662	 -0.501737	 -0.865020	 0.004000
0.395307	 0.115998	 -0.253819	 0.040628	 -0.515268	 -0.857029	 0.004000
0.394130	 0.116392	 -0.250410	 0.038536	 -0.530888	 -0.847442	 0.004000
0.394100	 0.116486	 -0.247037	 0.036385	 -0.544505	 -0.838758	 0.004000
0.392883	 0.116904	 -0.243702	 0.034178	 -0.559013	 -0.829159	 0.004000
0.392883	 0.116904	 -0.240403	 0.031914	 -0.572774	 -0.819713	 0.004000
0.388221	 0.118160	 -0.237143	 0.029598	 -0.585315	 -0.810806	 0.004000
0.385496	 0.118939	 -0.233915	 0.027235	 -0.595944	 -0.803026	 0.004000
0.382557	 0.119721	 -0.230716	 0.024835	 -0.604535	 -0.796579	 0.004000
0.381441	 0.120056	 -0.227537	 0.022407	 -0.609334	 -0.792914	 0.004000
0.380156	 0.120352	 -0.224364	 0.019971	 -0.608557	 -0.793510	 0.004000
0.373925	 0.122046	 -0.221184	 0.017546	 -0.604145	 -0.796875	 0.003999
0.370095	 0.123154	 -0.217983	 0.015147	 -0.595415	 -0.803419	 0.004000
0.365096	 0.124539	 -0.214752	 0.012789	 -0.583485	 -0.812124	 0.004001
0.363114	 0.125119	 -0.211483	 0.010483	 -0.569071	 -0.822288	 0.004000
0.358593	 0.126488	 -0.208170	 0.008242	 -0.551744	 -0.834014	 0.004000
0.355112	 0.127635	 -0.204811	 0.006070	 -0.534182	 -0.845369	 0.004001
0.350594	 0.129172	 -0.201412	 0.003961	 -0.520260	 -0.854008	 0.003999
0.345151	 0.131118	 -0.197983	 0.001904	 -0.508376	 -0.861135	 0.004001
0.342730	 0.132012	 -0.194526	 -0.000110	 -0.498712	 -0.866768	 0.004000
0.341289	 0.132660	 -0.191051	 -0.002090	 -0.490891	 -0.871221	 0.004000
0.340444	 0.133054	 -0.187560	 -0.004043	 -0.485925	 -0.874000	 0.004000
0.336979	 0.134607	 -0.184061	 -0.005981	 -0.482936	 -0.875656	 0.004000
0.334286	 0.135816	 -0.180557	 -0.007910	 -0.481729	 -0.876320	 0.004000
0.329139	 0.138163	 -0.177051	 -0.009837	 -0.481456	 -0.876470	 0.004000
0.329139	 0.138163	 -0.173547	 -0.011766	 -0.483032	 -0.875603	 0.004000
0.326538	 0.139494	 -0.170046	 -0.013701	 -0.484785	 -0.874633	 0.004001
0.324966	 0.140287	 -0.166550	 -0.015643	 -0.486280	 -0.873803	 0.004000
0.324788	 0.140622	 -0.163056	 -0.017592	 -0.487838	 -0.872934	 0.004000
0.324071	 0.141087	 -0.159567	 -0.019547	 -0.489760	 -0.871857	 0.004000
0.321227	 0.142670	 -0.156079	 -0.021506	 -0.489577	 -0.871960	 0.004000
0.318728	 0.144015	 -0.152591	 -0.023463	 -0.489148	 -0.872201	 0.004000
0.314018	 0.146528	 -0.149101	 -0.025417	 -0.488127	 -0.872772	 0.003999
0.314018	 0.146528	 -0.145608	 -0.027366	 -0.486422	 -0.873724	 0.004001
0.311642	 0.147982	 -0.142111	 -0.029309	 -0.484777	 -0.874638	 0.003999
0.309805	 0.149034	 -0.138610	 -0.031244	 -0.482869	 -0.875693	 0.004000
0.310399	 0.148966	 -0.135106	 -0.033173	 -0.481458	 -0.876469	 0.004000
0.308198	 0.150371	 -0.131601	 -0.035099	 -0.481736	 -0.876316	 0.004000
0.308045	 0.150730	 -0.128095	 -0.037026	 -0.481458	 -0.876469	 0.004000
0.302940	 0.153785	 -0.124591	 -0.038955	 -0.483032	 -0.875603	 0.004000
0.298781	 0.156238	 -0.121091	 -0.040889	 -0.484517	 -0.874782	 0.004000
0.298883	 0.156381	 -0.117593	 -0.042831	 -0.486097	 -0.873905	 0.004000
0.297389	 0.157517	 -0.114100	 -0.044780	 -0.488451	 -0.872591	 0.004000
0.295342	 0.158971	 -0.110610	 -0.046735	 -0.488870	 -0.872357	 0.004001
0.296146	 0.158797	 -0.107122	 -0.048693	 -0.490456	 -0.871466	 0.004000
0.294099	 0.160379	 -0.103634	 -0.050653	 -0.489148	 -0.872201	 0.004000
0.293467	 0.161079	 -0.100145	 -0.052607	 -0.488074	 -0.872802	 0.003999
0.288265	 0.164684	 -0.096652	 -0.054556	 -0.486517	 -0.873671	 0.004000
0.288265	 0.164684	 -0.093155	 -0.056498	 -0.484549	 -0.874764	 0.004000
0.284357	 0.167611	 -0.089654	 -0.058433	 -0.482804	 -0.875728	 0.004000
0.282625	 0.169058	 -0.086151	 -0.060363	 -0.482343	 -0.875982	 0.004000
0.281742	 0.170095	 -0.082646	 -0.062291	 -0.481716	 -0.876327	 0.004001
0.282197	 0.170136	 -0.079142	 -0.064221	 -0.482804	 -0.875728	 0.004000
0.281037	 0.171471	 -0.075641	 -0.066154	 -0.484118	 -0.875003	 0.004000
0.280234	 0.172405	 -0.072143	 -0.068095	 -0.486292	 -0.873796	 0.004000
0.275665	 0.176142	 -0.068651	 -0.070047	 -0.489557	 -0.871971	 0.003999
0.275665	 0.176142	 -0.065167	 -0.072010	 -0.492201	 -0.870482	 0.004000
0.272123	 0.179246	 -0.061687	 -0.073983	 -0.494140	 -0.869382	 0.004000
0.270313	 0.180942	 -0.058213	 -0.075966	 -0.497175	 -0.867650	 0.004000
0.270025	 0.181740	 -0.054744	 -0.077958	 -0.498923	 -0.866646	 0.004000
0.270142	 0.182037	 -0.051278	 -0.079954	 -0.499350	 -0.866400	 0.004000
0.268327	 0.184071	 -0.047813	 -0.081953	 -0.500000	 -0.866025	 0.004000
0.266587	 0.185852	 -0.044350	 -0.083955	 -0.500873	 -0.865521	 0.004000
0.261496	 0.190556	 -0.040889	 -0.085960	 -0.501726	 -0.865027	 0.004000
0.261496	 0.190556	 -0.037430	 -0.087969	 -0.503024	 -0.864273	 0.004000
0.258460	 0.193702	 -0.033973	 -0.089982	 -0.503024	 -0.864273	 0.004000
0.257288	 0.195104	 -0.030518	 -0.091997	 -0.504765	 -0.863257	 0.004000
0.257066	 0.196008	 -0.027067	 -0.094020	 -0.506688	 -0.862130	 0.004000
0.256949	 0.196584	 -0.023620	 -0.096050	 -0.508000	 -0.861357	 0.004000
0.253367	 0.200485	 -0.020177	 -0.098085	 -0.509925	 -0.860219	 0.003999
0.250432	 0.203638	 -0.016740	 -0.100129	 -0.512240	 -0.858842	 0.004000
0.248593	 0.205584	 -0.013307	 -0.102183	 -0.514757	 -0.857336	 0.004000
0.245788	 0.208740	 -0.009880	 -0.104246	 -0.516691	 -0.856172	 0.004000
0.244055	 0.211151	 -0.006457	 -0.106316	 -0.518031	 -0.855362	 0.004000
0.244111	 0.211613	 -0.003037	 -0.108391	 -0.519223	 -0.854639	 0.004000
0.242231	 0.214322	 0.000382	 -0.110467	 -0.518984	 -0.854784	 0.004000
0.240948	 0.216212	 0.003803	 -0.112541	 -0.517794	 -0.855505	 0.004000
0.234840	 0.223490	 0.007225	 -0.114610	 -0.517022	 -0.855972	 0.004000
0.234840	 0.223490	 0.010652	 -0.116675	 -0.515142	 -0.857105	 0.004001
0.230383	 0.229242	 0.014083	 -0.118731	 -0.513094	 -0.858332	 0.003999
0.229387	 0.230987	 0.017517	 -0.120782	 -0.512461	 -0.858710	 0.004000
0.227913	 0.233612	 0.020952	 -0.122831	 -0.512321	 -0.858794	 0.003999
0.228256	 0.233911	 0.024386	 -0.124882	 -0.512940	 -0.858424	 0.004000
0.223772	 0.240306	 0.027818	 -0.126936	 -0.514040	 -0.857766	 0.004000
0.220347	 0.245254	 0.031248	 -0.128995	 -0.515679	 -0.856782	 0.004001
0.218609	 0.247882	 0.034674	 -0.131060	 -0.516788	 -0.856113	 0.004000
0.215778	 0.252336	 0.038096	 -0.133130	 -0.518274	 -0.855215	 0.004000
0.213133	 0.256951	 0.041517	 -0.135203	 -0.518025	 -0.855366	 0.004000
0.213312	 0.257486	 0.044939	 -0.137274	 -0.517742	 -0.855537	 0.004000
0.211056	 0.261868	 0.048362	 -0.139343	 -0.516550	 -0.856257	 0.004000
0.209176	 0.265405	 0.051789	 -0.141406	 -0.514896	 -0.857252	 0.004001
0.203834	 0.274742	 0.055221	 -0.143461	 -0.512560	 -0.858651	 0.004000
0.202004	 0.278023	 0.058658	 -0.145508	 -0.510730	 -0.859741	 0.004000
0.198911	 0.283828	 0.062100	 -0.147546	 -0.508702	 -0.860943	 0.004000
0.197278	 0.287986	 0.065544	 -0.149581	 -0.508221	 -0.861226	 0.004000
0.196229	 0.290664	 0.068990	 -0.151613	 -0.507981	 -0.861368	 0.004000
0.194646	 0.295024	 0.072434	 -0.153645	 -0.508375	 -0.861136	 0.003999
0.192934	 0.299082	 0.075877	 -0.155682	 -0.509956	 -0.860201	 0.004000
0.187592	 0.310517	 0.079317	 -0.157724	 -0.510970	 -0.859599	 0.004000
0.187592	 0.310517	 0.082754	 -0.159770	 -0.511831	 -0.859086	 0.003999
0.183466	 0.320222	 0.086188	 -0.161820	 -0.513179	 -0.858282	 0.004001
0.181342	 0.325631	 0.089623	 -0.163870	 -0.511743	 -0.859138	 0.004000
0.180379	 0.329596	 0.093063	 -0.165911	 -0.509335	 -0.860568	 0.003999
0.179639	 0.332431	 0.096510	 -0.167939	 -0.504505	 -0.863409	 0.004000
0.176410	 0.341491	 0.099971	 -0.169944	 -0.498275	 -0.867019	 0.004000
0.173840	 0.348656	 0.103449	 -0.171921	 -0.489691	 -0.871896	 0.004000
0.168654	 0.362942	 0.106950	 -0.173857	 -0.478432	 -0.878125	 0.004001
0.168654	 0.362942	 0.110477	 -0.175744	 -0.465221	 -0.885195	 0.004000
0.165826	 0.372254	 0.114035	 -0.177570	 -0.447614	 -0.894227	 0.003999
0.163315	 0.380263	 0.117626	 -0.179331	 -0.432755	 -0.901511	 0.004000
0.163167	 0.383174	 0.121247	 -0.181030	 -0.416758	 -0.909017	 0.004000
0.162106	 0.387681	 0.124896	 -0.182669	 -0.402680	 -0.915341	 0.004001
0.161938	 0.389816	 0.128568	 -0.184256	 -0.391262	 -0.920279	 0.004000
0.162263	 0.391466	 0.132256	 -0.185803	 -0.381844	 -0.924227	 0.003999
0.161835	 0.394215	 0.135956	 -0.187324	 -0.378662	 -0.925535	 0.004001
0.162992	 0.393524	 0.139656	 -0.188844	 -0.381454	 -0.924388	 0.004000
0.162950	 0.395187	 0.143346	 -0.190388	 -0.390537	 -0.920587	 0.004000
0.163588	 0.394995	 0.147016	 -0.191976	 -0.403794	 -0.914850	 0.004000
0.163063	 0.398755	 0.150661	 -0.193625	 -0.420421	 -0.907329	 0.004001
0.163063	 0.398755	 0.154273	 -0.195344	 -0.438995	 -0.898490	 0.004000
0.163962	 0.398923	 0.157847	 -0.197138	 -0.457885	 -0.889012	 0.003999
0.163997	 0.400454	 0.161383	 -0.199007	 -0.476959	 -0.878925	 0.004000
0.165991	 0.396759	 0.164880	 -0.200950	 -0.494469	 -0.869195	 0.004000
0.165790	 0.400336	 0.168341	 -0.202954	 -0.507457	 -0.861677	 0.004000
0.166246	 0.401030	 0.171776	 -0.205005	 -0.517764	 -0.855523	 0.004000
0.164252	 0.407541	 0.175187	 -0.207093	 -0.526286	 -0.850308	 0.004000
0.162772	 0.413582	 0.178579	 -0.209212	 -0.533814	 -0.845602	 0.004000
0.160828	 0.422199	 0.181954	 -0.211360	 -0.539848	 -0.841763	 0.004001
0.160622	 0.424500	 0.185314	 -0.213531	 -0.545375	 -0.838192	 0.003999
0.162032	 0.424186	 0.188659	 -0.215722	 -0.550713	 -0.834694	 0.004000
0.160341	 0.432887	 0.191994	 -0.217933	 -0.554181	 -0.832396	 0.004000
0.160341	 0.432887	 0.195318	 -0.220158	 -0.558330	 -0.829619	 0.003999
0.156446	 0.448513	 0.198632	 -0.222397	 -0.561660	 -0.827368	 0.004001
0.154517	 0.456868	 0.201937	 -0.224651	 -0.564756	 -0.825258	 0.004000
0.153381	 0.464572	 0.205234	 -0.226915	 -0.567388	 -0.823450	 0.003999
0.153976	 0.464989	 0.208526	 -0.229187	 -0.569210	 -0.822192	 0.004000
0.150591	 0.481068	 0.211810	 -0.231471	 -0.572455	 -0.819936	 0.004000
0.150591	 0.481068	 0.215087	 -0.233764	 -0.574217	 -0.818703	 0.004000
0.145542	 0.503810	 0.218360	 -0.236065	 -0.575809	 -0.817584	 0.004000
0.143085	 0.517904	 0.221628	 -0.238372	 -0.577615	 -0.816309	 0.004001
0.142971	 0.521091	 0.224891	 -0.240685	 -0.579321	 -0.815100	 0.004000
0.139805	 0.539171	 0.228150	 -0.243005	 -0.580221	 -0.814459	 0.004000
0.139805	 0.539171	 0.231405	 -0.245329	 -0.582089	 -0.813125	 0.003999
0.134442	 0.567874	 0.234656	 -0.247659	 -0.582987	 -0.812482	 0.004000
0.131035	 0.589379	 0.237905	 -0.249992	 -0.583435	 -0.812160	 0.004000
0.130304	 0.596091	 0.241153	 -0.252327	 -0.583837	 -0.811871	 0.003999
0.128428	 0.611526	 0.244400	 -0.254663	 -0.584450	 -0.811430	 0.004000
0.128428	 0.611526	 0.247645	 -0.257002	 -0.585016	 -0.811022	 0.004000
0.122889	 0.647379	 0.250889	 -0.259342	 -0.585016	 -0.811022	 0.004000
0.119007	 0.673474	 0.254130	 -0.261686	 -0.586923	 -0.809643	 0.004001
0.117849	 0.687127	 0.257366	 -0.264037	 -0.588900	 -0.808206	 0.003999
0.116751	 0.700911	 0.260596	 -0.266397	 -0.591006	 -0.806667	 0.004002
0.116751	 0.700911	 0.263819	 -0.268767	 -0.593941	 -0.804509	 0.003999
0.111784	 0.741293	 0.267029	 -0.271153	 -0.598719	 -0.800959	 0.004000
0.108126	 0.771650	 0.270224	 -0.273560	 -0.604988	 -0.796234	 0.004000
0.107471	 0.784210	 0.273398	 -0.275994	 -0.611775	 -0.791032	 0.004000
0.106336	 0.801259	 0.276544	 -0.278464	 -0.623414	 -0.781892	 0.004001
0.106336	 0.801259	 0.279651	 -0.280983	 -0.635821	 -0.771836	 0.004000
0.101751	 0.848087	 0.282713	 -0.283556	 -0.650915	 -0.759151	 0.004001
0.098919	 0.877301	 0.285723	 -0.286191	 -0.666502	 -0.745503	 0.004000
0.098228	 0.889939	 0.288674	 -0.288890	 -0.683342	 -0.730098	 0.003999
0.093291	 0.951019	 0.291558	 -0.291662	 -0.702215	 -0.711965	 0.004000
0.089883	 0.993494	 0.294365	 -0.294511	 -0.722436	 -0.691438	 0.004000
0.087834	 1.026061	 0.297086	 -0.297442	 -0.743257	 -0.669006	 0.004000
0.081654	 1.123859	 0.299728	 -0.300446	 -0.758232	 -0.651985	 0.004000
0.077399	 1.194973	 0.302299	 -0.303509	 -0.773645	 -0.633619	 0.003999
0.070510	 1.330604	 0.304797	 -0.306632	 -0.787964	 -0.615722	 0.004000
0.060398	 1.590501	 0.307225	 -0.309810	 -0.801288	 -0.598279	 0.004000
0.050695	 1.930489	 0.309581	 -0.313043	 -0.814863	 -0.579653	 0.004001
0.047901	 2.062200	 0.311874	 -0.316321	 -0.823845	 -0.566815	 0.004000
0.033423	 3.022806	 0.314118	 -0.319631	 -0.831819	 -0.555046	 0.004000
0.009180	 11.438721	 0.316315	 -0.322974	 -0.839436	 -0.543459	 0.004000
-0.017717	 6.192681	 0.318467	 -0.326346	 -0.846450	 -0.532468	 0.004000
-0.036881	 3.070676	 0.320574	 -0.329746	 -0.853430	 -0.521207	 0.004000
-0.071441	 1.678101	 0.322640	 -0.333171	 -0.859209	 -0.511625	 0.003999
-0.071441	 1.678101	 0.324669	 -0.336618	 -0.864169	 -0.503203	 0.004000
-0.119874	 1.074136	 0.326676	 -0.340078	 -0.866127	 -0.499823	 0.003999
-0.157925	 0.857268	 0.328669	 -0.343546	 -0.867920	 -0.496704	 0.004000
-0.198120	 0.719658	 0.330656	 -0.347017	 -0.867750	 -0.497000	 0.004000
-0.277308	 0.572123	 0.332650	 -0.350485	 -0.866019	 -0.500011	 0.004000
-0.376976	 0.479449	 0.334672	 -0.353936	 -0.859625	 -0.510926	 0.004001
-0.428760	 0.448200	 0.336765	 -0.357345	 -0.844412	 -0.535694	 0.004000
-0.560377	 0.400583	 0.338967	 -0.360684	 -0.825178	 -0.564872	 0.003999
-0.596933	 0.388462	 0.341315	 -0.363920	 -0.792866	 -0.609397	 0.004001
-0.717132	 0.370511	 0.343887	 -0.366978	 -0.736354	 -0.676596	 0.003999
-0.853940	 0.358597	 0.346786	 -0.369719	 -0.634190	 -0.773177	 0.004000
-0.934753	 0.358628	 0.350122	 -0.371883	 -0.447214	 -0.894427	 0.004000
-0.984516	 0.375004	 0.353889	 -0.373065	 -0.143802	 -0.989607	 0.003999
-0.965428	 0.388258	 0.357803	 -0.372845	 0.253226	 -0.967407	 0.004000
-0.942575	 0.395981	 0.361367	 -0.371177	 0.580671	 -0.814139	 0.004001
-0.933689	 0.397094	 0.364319	 -0.368517	 0.749502	 -0.662002	 0.004000
-0.926073	 0.396525	 0.366676	 -0.365306	 0.856100	 -0.516810	 0.004000
-0.919488	 0.398407	 0.368517	 -0.361764	 0.915075	 -0.403283	 0.004000
-0.916973	 0.397540	 0.369968	 -0.358040	 0.946665	 -0.322221	 0.004000
-0.917541	 0.398244	 0.371085	 -0.354204	 0.971624	 -0.236530	 0.003999
-0.919518	 0.399144	 0.371883	 -0.350287	 0.986750	 -0.162250	 0.004000
-0.923209	 0.398453	 0.372434	 -0.346326	 0.993541	 -0.113476	 0.004001
-0.925765	 0.398979	 0.372798	 -0.342344	 0.997650	 -0.068510	 0.003999
-0.928345	 0.399292	 0.372993	 -0.338349	 0.999580	 -0.028995	 0.004001
-0.930975	 0.399478	 0.373029	 -0.334350	 0.999940	 0.010999	 0.004000
-0.936521	 0.399595	 0.372912	 -0.330352	 0.998883	 0.047256	 0.003999
-0.939646	 0.399478	 0.372674	 -0.326360	 0.997404	 0.072011	 0.003999
-0.943050	 0.399118	 0.372343	 -0.322375	 0.995620	 0.093488	 0.004001
-0.947263	 0.397653	 0.371907	 -0.318398	 0.992220	 0.124496	 0.004000
-0.950936	 0.396131	 0.371385	 -0.314433	 0.990642	 0.136485	 0.004000
-0.954869	 0.394510	 0.370816	 -0.310473	 0.988982	 0.148035	 0.003999
-0.959245	 0.393492	 0.370175	 -0.306526	 0.985059	 0.172217	 0.004001
-0.964013	 0.393008	 0.369478	 -0.302586	 0.984256	 0.176751	 0.004000
-0.968921	 0.392478	 0.368760	 -0.298651	 0.983252	 0.182250	 0.004000
-0.973862	 0.389976	 0.368012	 -0.294722	 0.981531	 0.191305	 0.003999
-0.978148	 0.388428	 0.367239	 -0.290799	 0.980705	 0.195491	 0.004000
-0.982863	 0.387615	 0.366445	 -0.286878	 0.979499	 0.201448	 0.004001
-0.987931	 0.387569	 0.365632	 -0.282961	 0.978761	 0.205002	 0.004000
-0.992832	 0.387327	 0.364808	 -0.279047	 0.978276	 0.207308	 0.003999
-0.995983	 0.384330	 0.363972	 -0.275135	 0.977601	 0.210468	 0.004001
-0.999449	 0.382685	 0.363131	 -0.271224	 0.977652	 0.210229	 0.004000
-1.003319	 0.381935	 0.362289	 -0.267314	 0.977641	 0.210280	 0.003999
-1.006998	 0.381264	 0.361448	 -0.263404	 0.977601	 0.210468	 0.004001
-1.009793	 0.379568	 0.360601	 -0.259494	 0.977050	 0.213011	 0.004000
-1.008851	 0.374237	 0.359745	 -0.255587	 0.976609	 0.215024	 0.004000
-1.009734	 0.371356	 0.358876	 -0.251683	 0.975661	 0.219286	 0.003999
-1.010722	 0.369214	 0.357999	 -0.247781	 0.975619	 0.219471	 0.004001
-1.010651	 0.366206	 0.357121	 -0.243877	 0.975619	 0.219471	 0.004001
-1.005831	 0.359528	 0.356236	 -0.239976	 0.974815	 0.223015	 0.004000
-1.002967	 0.354683	 0.355343	 -0.236078	 0.974639	 0.223782	 0.003999
-1.000434	 0.351131	 0.354447	 -0.232179	 0.974597	 0.223965	 0.004001
-1.000434	 0.351131	 0.353546	 -0.228282	 0.973955	 0.226740	 0.004000
-0.997065	 0.347431	 0.352635	 -0.224386	 0.973555	 0.228454	 0.004001
-0.988659	 0.340970	 0.351712	 -0.220494	 0.972521	 0.232815	 0.003999
-0.982045	 0.335457	 0.350778	 -0.216606	 0.972123	 0.234469	 0.004001
-0.976052	 0.331723	 0.349835	 -0.212718	 0.971509	 0.237002	 0.004000
-0.969649	 0.328521	 0.348887	 -0.208832	 0.971523	 0.236945	 0.004001
-0.958380	 0.323729	 0.347935	 -0.204946	 0.971062	 0.238827	 0.003999
-0.949234	 0.319398	 0.346966	 -0.201066	 0.969328	 0.245770	 0.004000
-0.940925	 0.316929	 0.345984	 -0.197189	 0.969403	 0.245475	 0.004000
-0.932543	 0.315259	 0.345002	 -0.193311	 0.969403	 0.245475	 0.004000
-0.919485	 0.312845	 0.344008	 -0.189437	 0.967851	 0.251526	 0.004000
-0.909109	 0.310184	 0.343001	 -0.185565	 0.967729	 0.251994	 0.004000
-0.899810	 0.309381	 0.341990	 -0.181696	 0.967330	 0.253521	 0.004000
-0.890742	 0.309374	 0.340971	 -0.177827	 0.966743	 0.255748	 0.004000
-0.877546	 0.309038	 0.339946	 -0.173961	 0.966479	 0.256745	 0.004000
-0.867225	 0.307952	 0.338915	 -0.170096	 0.965886	 0.258969	 0.004000
-0.857811	 0.308382	 0.337878	 -0.166233	 0.965744	 0.259498	 0.004000
-0.848665	 0.309080	 0.336838	 -0.162370	 0.965476	 0.260493	 0.004000
-0.836083	 0.309578	 0.335793	 -0.158509	 0.965063	 0.262017	 0.004000
-0.826936	 0.309974	 0.334744	 -0.154649	 0.964937	 0.262483	 0.004000
-0.817989	 0.311161	 0.333690	 -0.150790	 0.964376	 0.264535	 0.003999
-0.809153	 0.312072	 0.332630	 -0.146934	 0.964103	 0.265528	 0.004000
-0.797565	 0.312898	 0.331565	 -0.143078	 0.963782	 0.266690	 0.004001
-0.789251	 0.314015	 0.330493	 -0.139225	 0.962982	 0.269565	 0.003999
-0.780869	 0.315318	 0.329412	 -0.135374	 0.962592	 0.270955	 0.004001
-0.769836	 0.316646	 0.328325	 -0.131524	 0.962079	 0.272772	 0.004000
-0.762130	 0.317215	 0.327228	 -0.127677	 0.961231	 0.275745	 0.004000
-0.754220	 0.318552	 0.326121	 -0.123834	 0.960728	 0.277494	 0.004000
-0.746454	 0.319484	 0.325003	 -0.119993	 0.959556	 0.281517	 0.004000
-0.736673	 0.320223	 0.323875	 -0.116155	 0.959198	 0.282735	 0.004000
-0.729508	 0.321153	 0.322738	 -0.112321	 0.958300	 0.285765	 0.004000
-0.722224	 0.322259	 0.321588	 -0.108490	 0.957322	 0.289022	 0.004000
-0.713086	 0.323056	 0.320428	 -0.104662	 0.956725	 0.290992	 0.004000
-0.706722	 0.323548	 0.319258	 -0.100836	 0.955820	 0.293952	 0.004001
-0.706722	 0.323548	 0.318076	 -0.097015	 0.954795	 0.297264	 0.004000
-0.700059	 0.324537	 0.316883	 -0.093197	 0.954179	 0.299236	 0.004000
-0.691642	 0.325224	 0.315679	 -0.089382	 0.953149	 0.302500	 0.004000
-0.686083	 0.325262	 0.314465	 -0.085570	 0.952523	 0.304467	 0.004000
-0.680280	 0.325979	 0.313243	 -0.081762	 0.951857	 0.306543	 0.003999
-0.672895	 0.326576	 0.312009	 -0.077957	 0.950497	 0.310733	 0.004000
-0.667866	 0.326438	 0.310762	 -0.074157	 0.949817	 0.312805	 0.003999
-0.662444	 0.327017	 0.309504	 -0.070360	 0.948766	 0.315980	 0.004000
-0.655437	 0.327430	 0.308233	 -0.066567	 0.947595	 0.319473	 0.004000
-0.651247	 0.326601	 0.306951	 -0.062778	 0.946898	 0.321533	 0.004000
-0.646559	 0.326701	 0.305658	 -0.058993	 0.945622	 0.325266	 0.004000
-0.640479	 0.326425	 0.304350	 -0.055212	 0.944611	 0.328193	 0.004001
-0.636768	 0.325242	 0.303034	 -0.051435	 0.943875	 0.330303	 0.003999
-0.632642	 0.324776	 0.301704	 -0.047663	 0.942413	 0.334451	 0.004001
-0.627422	 0.323589	 0.300362	 -0.043895	 0.941592	 0.336756	 0.004000
-0.624318	 0.321907	 0.299011	 -0.040130	 0.940879	 0.338742	 0.004000
-0.620951	 0.320780	 0.297648	 -0.036369	 0.939429	 0.342742	 0.004000
-0.616912	 0.318560	 0.296270	 -0.032614	 0.938230	 0.346011	 0.004000
-0.614514	 0.316668	 0.294881	 -0.028862	 0.937314	 0.348487	 0.004000
-0.611914	 0.315275	 0.293478	 -0.025117	 0.935617	 0.353016	 0.004000
-0.608829	 0.312889	 0.292058	 -0.021377	 0.934181	 0.356800	 0.003999
-0.608829	 0.312889	 0.290626	 -0.017643	 0.933136	 0.359524	 0.004000
-0.606445	 0.311345	 0.289178	 -0.013914	 0.931236	 0.364416	 0.004001
-0.603121	 0.309333	 0.287714	 -0.010191	 0.930116	 0.367265	 0.004000
-0.601558	 0.306511	 0.286239	 -0.006474	 0.928728	 0.370763	 0.004000
-0.599741	 0.304368	 0.284747	 -0.002762	 0.926914	 0.375274	 0.004000
-0.597751	 0.300904	 0.283237	 0.000942	 0.925224	 0.379421	 0.004001
-0.596039	 0.298865	 0.281714	 0.004641	 0.924055	 0.382258	 0.004000
-0.593756	 0.295783	 0.280173	 0.008333	 0.921765	 0.387748	 0.004000
-0.592651	 0.292606	 0.278614	 0.012016	 0.920042	 0.391821	 0.003999
-0.591585	 0.289584	 0.277041	 0.015693	 0.918676	 0.395011	 0.004000
-0.590553	 0.285162	 0.275451	 0.019363	 0.916433	 0.400188	 0.004001
-0.589692	 0.282488	 0.273840	 0.023025	 0.914205	 0.405252	 0.004000
-0.588738	 0.278629	 0.272211	 0.026678	 0.912439	 0.409212	 0.004000
-0.587880	 0.276124	 0.270565	 0.030324	 0.910456	 0.413605	 0.003999
-0.586071	 0.273603	 0.268898	 0.033960	 0.907533	 0.419981	 0.004000
-0.586071	 0.273603	 0.267212	 0.037587	 0.906029	 0.423217	 0.004000
-0.585239	 0.270529	 0.265510	 0.041207	 0.904109	 0.427302	 0.004000
-0.583639	 0.267540	 0.263788	 0.044817	 0.900953	 0.433917	 0.004001
-0.582752	 0.264766	 0.262042	 0.048416	 0.898475	 0.439024	 0.004000
-0.581387	 0.261434	 0.260277	 0.052006	 0.896289	 0.443470	 0.004000
-0.580641	 0.258693	 0.258493	 0.055586	 0.893766	 0.448533	 0.004000
-0.579421	 0.255397	 0.256684	 0.059154	 0.889994	 0.455972	 0.004000
-0.578657	 0.252997	 0.254850	 0.062708	 0.887255	 0.461279	 0.004000
-0.576803	 0.250812	 0.252993	 0.066251	 0.884392	 0.466746	 0.004000
-0.575760	 0.249040	 0.251110	 0.069780	 0.879961	 0.475046	 0.004000
-0.573303	 0.247973	 0.249193	 0.073291	 0.875392	 0.483413	 0.004001
-0.573303	 0.247973	 0.247247	 0.076785	 0.871818	 0.489830	 0.003999
-0.570786	 0.246735	 0.245274	 0.080265	 0.868034	 0.496505	 0.004000
-0.569503	 0.245347	 0.243268	 0.083726	 0.862300	 0.506397	 0.004001
-0.567356	 0.243698	 0.241227	 0.087165	 0.857707	 0.514139	 0.003999
-0.566344	 0.242418	 0.239155	 0.090587	 0.853015	 0.521887	 0.004001
-0.563790	 0.241893	 0.237054	 0.093990	 0.848728	 0.528830	 0.003999
-0.562007	 0.242055	 0.234919	 0.097373	 0.842575	 0.538580	 0.003999
-0.558715	 0.242962	 0.232748	 0.100732	 0.837213	 0.546878	 0.004001
-0.558715	 0.242962	 0.230546	 0.104072	 0.832512	 0.554008	 0.004000
-0.555961	 0.243182	 0.228316	 0.107392	 0.827600	 0.561318	 0.004000
-0.555077	 0.242396	 0.226052	 0.110689	 0.821165	 0.570691	 0.004000
-0.552866	 0.242552	 0.223747	 0.113959	 0.813733	 0.581238	 0.004000
-0.550081	 0.244014	 0.221407	 0.117203	 0.807968	 0.589227	 0.004000
-0.549009	 0.244271	 0.219033	 0.120422	 0.801826	 0.597557	 0.004000
-0.547500	 0.245592	 0.216626	 0.123617	 0.795569	 0.605862	 0.004001
-0.547441	 0.244559	 0.214181	 0.126783	 0.787436	 0.616396	 0.003999
-0.546378	 0.244566	 0.211699	 0.129919	 0.780454	 0.625213	 0.004000
-0.544898	 0.245799	 0.209184	 0.133030	 0.774881	 0.632107	 0.003999
-0.545030	 0.245272	 0.206643	 0.136119	 0.769674	 0.638437	 0.004000
-0.544616	 0.245581	 0.204078	 0.139188	 0.765015	 0.644013	 0.004000
-0.545168	 0.244330	 0.201491	 0.142239	 0.760543	 0.649287	 0.004000
-0.545045	 0.244713	 0.198888	 0.145276	 0.757772	 0.652519	 0.004000
-0.545269	 0.244653	 0.196273	 0.148303	 0.755788	 0.654816	 0.004001
-0.546071	 0.243406	 0.193650	 0.151323	 0.754185	 0.656661	 0.003999
-0.546255	 0.243579	 0.191020	 0.154336	 0.752422	 0.658682	 0.004000
-0.546656	 0.243693	 0.188381	 0.157342	 0.750669	 0.660679	 0.004000
-0.547607	 0.243117	 0.185729	 0.160338	 0.747037	 0.664783	 0.004000
-0.548284	 0.242656	 0.183059	 0.163316	 0.741838	 0.670579	 0.004000
-0.548618	 0.242538	 0.180364	 0.166271	 0.735991	 0.676992	 0.004000
-0.549556	 0.242110	 0.177640	 0.169201	 0.728640	 0.684897	 0.004001
-0.549942	 0.242147	 0.174879	 0.172095	 0.718513	 0.695513	 0.004000
-0.550752	 0.242006	 0.172065	 0.174937	 0.702718	 0.711468	 0.004000
-0.551249	 0.241789	 0.169189	 0.177718	 0.687211	 0.726458	 0.004000
-0.551849	 0.241932	 0.166248	 0.180428	 0.668343	 0.743853	 0.003999
-0.552358	 0.242231	 0.163239	 0.183063	 0.648751	 0.761001	 0.004000
-0.552358	 0.242231	 0.160160	 0.185615	 0.627708	 0.778449	 0.004000
-0.552838	 0.242585	 0.157013	 0.188084	 0.606540	 0.795053	 0.004000
-0.553709	 0.242164	 0.153803	 0.190470	 0.586312	 0.810085	 0.004000
-0.554175	 0.242015	 0.150531	 0.192770	 0.563608	 0.826042	 0.004001
-0.554275	 0.242843	 0.147206	 0.194994	 0.548569	 0.836105	 0.003999
-0.554182	 0.243704	 0.143844	 0.197161	 0.535225	 0.844710	 0.004000
-0.554840	 0.243714	 0.140452	 0.199280	 0.524097	 0.851658	 0.003999
-0.554840	 0.243714	 0.137036	 0.201360	 0.515929	 0.856632	 0.004001
-0.555626	 0.243508	 0.133599	 0.203407	 0.507457	 0.861677	 0.004000
-0.555800	 0.243978	 0.130849	 0.205026	 0.507314	 0.861761	 0.002381
