-0.858492	 0.230813	 0.145616	 0.194684	 0.575859	 0.817549	 0.004001
-0.858333	 0.230286	 0.142342	 0.196984	 0.573764	 0.819020	 0.004000
-0.858128	 0.229375	 0.139063	 0.199274	 0.571548	 0.820569	 0.004000
-0.858352	 0.229137	 0.135777	 0.201555	 0.569041	 0.822309	 0.004000
-0.858502	 0.228826	 0.132484	 0.203825	 0.565956	 0.824436	 0.004000
-0.858423	 0.227475	 0.129181	 0.206080	 0.561777	 0.827289	 0.004000
-0.858333	 0.226515	 0.125864	 0.208317	 0.556718	 0.830702	 0.004000
-0.858318	 0.225291	 0.122532	 0.210531	 0.549961	 0.835190	 0.004000
-0.858787	 0.224921	 0.119181	 0.212715	 0.541768	 0.840528	 0.004000
-0.859828	 0.223929	 0.115805	 0.214860	 0.530942	 0.847408	 0.004000
-0.860689	 0.223256	 0.112397	 0.216952	 0.515378	 0.856963	 0.003999
-0.861321	 0.221569	 0.108948	 0.218979	 0.497673	 0.867365	 0.004001
-0.861321	 0.221569	 0.105456	 0.220930	 0.477941	 0.878392	 0.004000
-0.861542	 0.219386	 0.101920	 0.222799	 0.456890	 0.889523	 0.003999
-0.861998	 0.218377	 0.098340	 0.224581	 0.433966	 0.900929	 0.004000
-0.862666	 0.216638	 0.094713	 0.226268	 0.409504	 0.912308	 0.004000
-0.863306	 0.215404	 0.091042	 0.227856	 0.384447	 0.923147	 0.004001
-0.864185	 0.214044	 0.087328	 0.229340	 0.357261	 0.934004	 0.004000
-0.864906	 0.212715	 0.083577	 0.230729	 0.337540	 0.941311	 0.004000
-0.865858	 0.211607	 0.079800	 0.232045	 0.320446	 0.947267	 0.004001
-0.867097	 0.210142	 0.076002	 0.233298	 0.306053	 0.952015	 0.003999
-0.868046	 0.208675	 0.072186	 0.234498	 0.294216	 0.955739	 0.004000
-0.868972	 0.207211	 0.068357	 0.235656	 0.284737	 0.958606	 0.004000
-0.870424	 0.205761	 0.064519	 0.236781	 0.277784	 0.960643	 0.004000
-0.871587	 0.204261	 0.060675	 0.237886	 0.274516	 0.961582	 0.004000
-0.872465	 0.202497	 0.056827	 0.238977	 0.271008	 0.962577	 0.004000
-0.873873	 0.201274	 0.052975	 0.240056	 0.268488	 0.963283	 0.004000
-0.875447	 0.199481	 0.049120	 0.241124	 0.265458	 0.964122	 0.004001
-0.876612	 0.197692	 0.045262	 0.242179	 0.262307	 0.964984	 0.003999
-0.877685	 0.195874	 0.041399	 0.243220	 0.257955	 0.966157	 0.004001
-0.879572	 0.194687	 0.037531	 0.244240	 0.252019	 0.967722	 0.004000
-0.881113	 0.192507	 0.033658	 0.245236	 0.246011	 0.969267	 0.004000
-0.882231	 0.190448	 0.029777	 0.246204	 0.238228	 0.971209	 0.004000
-0.883360	 0.188462	 0.025886	 0.247134	 0.226525	 0.974005	 0.004000
-0.885433	 0.187116	 0.021986	 0.248020	 0.216242	 0.976340	 0.004000
-0.887233	 0.185014	 0.018076	 0.248864	 0.206230	 0.978504	 0.004000
-0.888541	 0.182906	 0.014157	 0.249669	 0.195746	 0.980655	 0.004000
-0.889488	 0.180536	 0.010230	 0.250428	 0.184001	 0.982926	 0.004000
-0.890918	 0.178582	 0.006294	 0.251138	 0.170762	 0.985312	 0.004000
-0.893063	 0.177169	 0.002349	 0.251803	 0.161738	 0.986834	 0.004000
-0.895194	 0.175230	 -0.001601	 0.252432	 0.152766	 0.988262	 0.004000
-0.897128	 0.173406	 -0.005556	 0.253026	 0.144487	 0.989507	 0.004000
-0.898548	 0.171222	 -0.009518	 0.253580	 0.132491	 0.991184	 0.004000
-0.899449	 0.168734	 -0.013485	 0.254094	 0.124502	 0.992219	 0.004000
-0.900354	 0.166332	 -0.017455	 0.254576	 0.116513	 0.993189	 0.004000
-0.901809	 0.164341	 -0.021430	 0.255024	 0.107742	 0.994179	 0.004000
-0.903800	 0.162650	 -0.025409	 0.255433	 0.096763	 0.995307	 0.003999
-0.906020	 0.161030	 -0.029391	 0.255804	 0.088748	 0.996054	 0.004000
-0.908107	 0.159058	 -0.033377	 0.256143	 0.080755	 0.996734	 0.004000
-0.910160	 0.157267	 -0.037365	 0.256451	 0.072991	 0.997333	 0.004000
-0.912093	 0.155393	 -0.041356	 0.256721	 0.062005	 0.998076	 0.004000
-0.913900	 0.153444	 -0.045349	 0.256956	 0.055240	 0.998473	 0.004001
-0.915605	 0.151438	 -0.049344	 0.257165	 0.049258	 0.998786	 0.003999
-0.917234	 0.149388	 -0.053339	 0.257347	 0.041749	 0.999128	 0.004000
-0.918817	 0.147316	 -0.057337	 0.257496	 0.033003	 0.999455	 0.004000
-0.920388	 0.145243	 -0.061335	 0.257616	 0.026997	 0.999636	 0.004000
-0.921970	 0.143181	 -0.065334	 0.257714	 0.021747	 0.999764	 0.004001
-0.923581	 0.141139	 -0.069333	 0.257786	 0.014503	 0.999895	 0.003999
-0.925247	 0.139133	 -0.073333	 0.257830	 0.007499	 0.999972	 0.004000
-0.926989	 0.137176	 -0.077333	 0.257849	 0.002000	 0.999998	 0.004000
-0.928821	 0.135277	 -0.081333	 0.257845	 -0.004001	 0.999992	 0.003999
-0.930759	 0.133441	 -0.085333	 0.257814	 -0.011748	 0.999931	 0.004001
-0.932810	 0.131679	 -0.089332	 0.257758	 -0.016003	 0.999872	 0.003999
-0.934974	 0.129987	 -0.093331	 0.257686	 -0.020248	 0.999795	 0.004000
-0.937249	 0.128363	 -0.097331	 0.257588	 -0.028498	 0.999594	 0.004000
-0.939642	 0.126816	 -0.101329	 0.257466	 -0.032497	 0.999472	 0.004000
-0.942148	 0.125346	 -0.105327	 0.257328	 -0.036503	 0.999334	 0.004000
-0.944759	 0.123946	 -0.109323	 0.257169	 -0.043003	 0.999075	 0.004000
-0.947467	 0.122618	 -0.113319	 0.256989	 -0.046995	 0.998895	 0.004000
-0.950263	 0.121362	 -0.117315	 0.256795	 -0.050000	 0.998749	 0.004000
-0.953131	 0.120170	 -0.121309	 0.256586	 -0.054750	 0.998500	 0.004000
-0.956054	 0.119041	 -0.125302	 0.256359	 -0.058253	 0.998302	 0.004000
-0.959011	 0.117973	 -0.129296	 0.256121	 -0.060993	 0.998138	 0.004000
-0.962199	 0.116976	 -0.133288	 0.255869	 -0.064760	 0.997901	 0.003999
-0.965153	 0.116009	 -0.137278	 0.255605	 -0.067498	 0.997719	 0.004000
-0.967995	 0.115053	 -0.141269	 0.255330	 -0.070003	 0.997547	 0.004000
-0.970683	 0.114095	 -0.145259	 0.255044	 -0.073006	 0.997332	 0.004000
-0.975757	 0.112273	 -0.149247	 0.254745	 -0.076754	 0.997050	 0.004000
-0.978651	 0.111602	 -0.153235	 0.254433	 -0.078990	 0.996875	 0.004000
-0.982154	 0.111209	 -0.157222	 0.254111	 -0.082259	 0.996611	 0.004000
-0.986087	 0.111016	 -0.161208	 0.253773	 -0.086500	 0.996252	 0.004000
-0.990155	 0.110915	 -0.165193	 0.253421	 -0.089229	 0.996011	 0.004001
-0.994212	 0.110862	 -0.169176	 0.253055	 -0.093759	 0.995595	 0.004000
-0.998178	 0.110842	 -0.173158	 0.252675	 -0.096756	 0.995308	 0.004000
-1.001994	 0.110839	 -0.177139	 0.252282	 -0.099231	 0.995064	 0.004001
-1.006025	 0.110857	 -0.181118	 0.251875	 -0.104750	 0.994499	 0.004000
-1.009191	 0.110773	 -0.185095	 0.251449	 -0.108016	 0.994149	 0.003999
-1.012252	 0.110720	 -0.189071	 0.251013	 -0.109993	 0.993932	 0.004000
-1.015792	 0.110883	 -0.193046	 0.250563	 -0.114738	 0.993396	 0.004000
-1.020088	 0.111332	 -0.197019	 0.250101	 -0.116769	 0.993159	 0.003999
-1.024748	 0.111924	 -0.200991	 0.249629	 -0.119234	 0.992866	 0.004001
-1.029353	 0.112529	 -0.204961	 0.249144	 -0.123019	 0.992404	 0.003999
-1.033736	 0.113101	 -0.208930	 0.248648	 -0.124988	 0.992158	 0.004000
-1.037830	 0.113621	 -0.212898	 0.248144	 -0.127019	 0.991900	 0.003999
-1.041948	 0.114054	 -0.216865	 0.247630	 -0.130248	 0.991482	 0.004000
-1.045365	 0.114438	 -0.220830	 0.247106	 -0.131754	 0.991282	 0.004000
-1.049436	 0.115041	 -0.224795	 0.246573	 -0.134488	 0.990915	 0.004000
-1.054257	 0.115866	 -0.228758	 0.246030	 -0.136764	 0.990604	 0.004000
-1.059209	 0.116721	 -0.232720	 0.245480	 -0.138236	 0.990399	 0.004000
-1.063903	 0.117500	 -0.236681	 0.244922	 -0.141246	 0.989974	 0.004000
-1.068256	 0.118190	 -0.240641	 0.244353	 -0.142996	 0.989723	 0.004000
-1.072741	 0.118785	 -0.244598	 0.243777	 -0.145271	 0.989392	 0.003999
-1.076372	 0.119290	 -0.248555	 0.243190	 -0.147998	 0.988988	 0.004000
-1.080804	 0.120018	 -0.252511	 0.242594	 -0.149709	 0.988730	 0.004001
-1.080804	 0.120018	 -0.256466	 0.241991	 -0.151775	 0.988415	 0.003999
-1.085948	 0.120910	 -0.260418	 0.241380	 -0.154011	 0.988069	 0.004000
-1.091015	 0.121743	 -0.264370	 0.240762	 -0.155231	 0.987878	 0.004000
-1.095692	 0.122449	 -0.268321	 0.240132	 -0.159248	 0.987239	 0.004000
-1.100770	 0.123101	 -0.272269	 0.239492	 -0.160749	 0.986995	 0.004000
-1.104425	 0.123527	 -0.276216	 0.238843	 -0.164034	 0.986455	 0.003999
-1.108840	 0.124148	 -0.280160	 0.238181	 -0.166750	 0.985999	 0.004000
-1.114096	 0.124949	 -0.284104	 0.237511	 -0.168450	 0.985710	 0.004001
-1.119354	 0.125694	 -0.288046	 0.236830	 -0.172016	 0.985094	 0.004000
-1.125589	 0.126493	 -0.291986	 0.236137	 -0.174484	 0.984660	 0.004000
-1.129366	 0.126793	 -0.295923	 0.235434	 -0.176795	 0.984248	 0.003999
-1.133218	 0.127130	 -0.299858	 0.234720	 -0.180513	 0.983573	 0.004000
-1.138125	 0.127710	 -0.303792	 0.233995	 -0.181964	 0.983305	 0.004001
-1.143674	 0.128394	 -0.307725	 0.233261	 -0.184998	 0.982739	 0.004000
-1.148856	 0.128930	 -0.311654	 0.232516	 -0.187549	 0.982255	 0.003999
-1.154706	 0.129403	 -0.315582	 0.231764	 -0.188708	 0.982033	 0.004001
-1.158545	 0.129577	 -0.319510	 0.231004	 -0.191258	 0.981540	 0.004000
-1.163306	 0.129961	 -0.323436	 0.230238	 -0.191499	 0.981493	 0.004000
-1.168957	 0.130503	 -0.327362	 0.229472	 -0.191499	 0.981493	 0.004000
-1.174436	 0.130943	 -0.331286	 0.228700	 -0.194770	 0.980849	 0.004000
-1.180826	 0.131317	 -0.335209	 0.227917	 -0.196741	 0.980455	 0.004000
-1.184804	 0.131358	 -0.339129	 0.227123	 -0.200249	 0.979745	 0.004000
-1.189749	 0.131604	 -0.343048	 0.226322	 -0.200249	 0.979745	 0.004000
-1.195680	 0.132017	 -0.346967	 0.225521	 -0.200249	 0.979745	 0.004000
-1.201475	 0.132333	 -0.350886	 0.224719	 -0.200249	 0.979745	 0.004000
-1.208301	 0.132542	 -0.354805	 0.223915	 -0.201738	 0.979440	 0.004000
-1.212636	 0.132477	 -0.358722	 0.223103	 -0.204523	 0.978862	 0.004000
-1.218246	 0.132649	 -0.362635	 0.222278	 -0.207975	 0.978134	 0.004000
-1.224729	 0.132941	 -0.366548	 0.221444	 -0.209273	 0.977857	 0.004000
-1.230869	 0.133101	 -0.370459	 0.220607	 -0.208983	 0.977919	 0.004000
-1.238184	 0.133088	 -0.374370	 0.219766	 -0.211765	 0.977321	 0.004000
-1.243657	 0.132999	 -0.378278	 0.218915	 -0.213488	 0.976946	 0.004000
-1.250348	 0.133122	 -0.382184	 0.218052	 -0.217989	 0.975951	 0.004000
-1.257492	 0.133261	 -0.386087	 0.217176	 -0.220238	 0.975446	 0.004000
-1.264433	 0.133274	 -0.389988	 0.216290	 -0.222248	 0.974990	 0.004000
-1.273124	 0.133048	 -0.393888	 0.215401	 -0.222540	 0.974924	 0.003999
-1.279993	 0.132940	 -0.397786	 0.214509	 -0.223490	 0.974706	 0.004000
-1.288435	 0.133017	 -0.401684	 0.213608	 -0.226977	 0.973900	 0.004000
-1.297004	 0.133009	 -0.405579	 0.212693	 -0.230460	 0.973082	 0.004001
-1.308309	 0.132698	 -0.409470	 0.211767	 -0.232578	 0.972578	 0.003999
-1.316558	 0.132442	 -0.413357	 0.210829	 -0.236473	 0.971638	 0.004000
-1.326733	 0.132401	 -0.417241	 0.209871	 -0.242242	 0.970216	 0.004000
-1.337263	 0.132306	 -0.421121	 0.208895	 -0.246005	 0.969269	 0.004000
-1.352647	 0.131817	 -0.424995	 0.207902	 -0.250233	 0.968186	 0.004000
-1.363621	 0.131468	 -0.428866	 0.206891	 -0.255748	 0.966743	 0.004000
-1.376677	 0.131322	 -0.432730	 0.205857	 -0.260726	 0.965413	 0.004000
-1.390045	 0.131146	 -0.436582	 0.204779	 -0.278780	 0.960355	 0.004000
-1.413319	 0.130402	 -0.440416	 0.203640	 -0.290535	 0.956864	 0.004000
-1.429276	 0.130137	 -0.444236	 0.202456	 -0.301263	 0.953541	 0.004000
-1.445603	 0.129974	 -0.448036	 0.201206	 -0.324165	 0.946001	 0.004001
-1.480380	 0.129094	 -0.451802	 0.199858	 -0.349260	 0.937026	 0.004000
-1.498469	 0.128893	 -0.455534	 0.198421	 -0.369579	 0.929199	 0.003999
-1.512233	 0.128891	 -0.459231	 0.196896	 -0.393225	 0.919442	 0.004000
-1.560086	 0.127823	 -0.462866	 0.195231	 -0.439295	 0.898343	 0.004000
-1.566952	 0.128262	 -0.466427	 0.193410	 -0.470757	 0.882263	 0.004000
-1.625178	 0.127735	 -0.469912	 0.191447	 -0.510926	 0.859625	 0.004001
-1.697176	 0.127981	 -0.473289	 0.189306	 -0.559709	 0.828689	 0.004000
-1.660960	 0.129950	 -0.476536	 0.186973	 -0.606540	 0.795053	 0.004000
-1.677920	 0.131523	 -0.479603	 0.184412	 -0.674252	 0.738502	 0.004000
-1.769453	 0.130835	 -0.482417	 0.181576	 -0.743493	 0.668744	 0.004000
-1.754799	 0.133221	 -0.484924	 0.178466	 -0.811430	 0.584450	 0.004000
-1.562947	 0.139461	 -0.486992	 0.175057	 -0.893123	 0.449812	 0.003999
-1.151653	 0.158324	 -0.488389	 0.171333	 -0.968699	 0.248237	 0.004000
-0.992945	 0.172087	 -0.488737	 0.167401	 -0.997240	 -0.074249	 0.004000
-0.615122	 0.232244	 -0.487766	 0.163584	 -0.911519	 -0.411258	 0.004000
-0.068377	 1.323198	 -0.485557	 0.160319	 -0.720968	 -0.692969	 0.004000
0.129313	 0.554980	 -0.482457	 0.157847	 -0.515084	 -0.857140	 0.003999
0.191460	 0.359658	 -0.478872	 0.156112	 -0.352739	 -0.935722	 0.004000
0.359975	 0.150661	 -0.475060	 0.154917	 -0.244711	 -0.969596	 0.004001
0.394130	 0.131543	 -0.471152	 0.154081	 -0.173029	 -0.984917	 0.003999
0.419762	 0.119349	 -0.467198	 0.153481	 -0.126742	 -0.991936	 0.004000
0.439157	 0.111854	 -0.463224	 0.153037	 -0.095765	 -0.995404	 0.003999
0.453810	 0.107131	 -0.459237	 0.152709	 -0.067747	 -0.997703	 0.004000
0.464349	 0.104076	 -0.455245	 0.152450	 -0.061740	 -0.998092	 0.004001
0.471800	 0.102037	 -0.451253	 0.152204	 -0.061257	 -0.998122	 0.004000
0.476702	 0.100453	 -0.447261	 0.151953	 -0.064246	 -0.997934	 0.004000
0.480128	 0.099493	 -0.443271	 0.151672	 -0.076257	 -0.997088	 0.004000
0.482404	 0.098750	 -0.439285	 0.151339	 -0.090491	 -0.995897	 0.004000
0.483654	 0.098145	 -0.435303	 0.150953	 -0.102498	 -0.994733	 0.004000
0.483923	 0.097636	 -0.431327	 0.150520	 -0.113998	 -0.993481	 0.004000
0.483496	 0.097242	 -0.427358	 0.150025	 -0.133752	 -0.991015	 0.004000
0.483532	 0.097056	 -0.423399	 0.149458	 -0.149746	 -0.988724	 0.004000
0.484830	 0.097083	 -0.419449	 0.148828	 -0.165007	 -0.986292	 0.004000
0.486536	 0.097167	 -0.415509	 0.148135	 -0.181239	 -0.983439	 0.004000
0.485225	 0.096908	 -0.411584	 0.147367	 -0.203275	 -0.979122	 0.004000
0.484113	 0.096711	 -0.407675	 0.146517	 -0.221481	 -0.975165	 0.004000
0.484113	 0.096711	 -0.403783	 0.145594	 -0.240005	 -0.970772	 0.004000
0.483250	 0.096609	 -0.399911	 0.144595	 -0.259794	 -0.965664	 0.003999
0.483585	 0.096693	 -0.396060	 0.143514	 -0.280461	 -0.959866	 0.004001
0.483232	 0.096657	 -0.392235	 0.142343	 -0.305030	 -0.952343	 0.004000
0.482100	 0.096563	 -0.388443	 0.141072	 -0.330217	 -0.943905	 0.004000
0.482337	 0.096625	 -0.384682	 0.139709	 -0.351260	 -0.936278	 0.004000
0.480908	 0.096568	 -0.380955	 0.138259	 -0.373760	 -0.927525	 0.004000
0.480133	 0.096550	 -0.377263	 0.136722	 -0.394764	 -0.918783	 0.004000
0.477769	 0.096420	 -0.373605	 0.135104	 -0.414424	 -0.910084	 0.004001
0.478190	 0.096527	 -0.369981	 0.133410	 -0.432552	 -0.901609	 0.004000
0.477631	 0.096589	 -0.366392	 0.131644	 -0.450211	 -0.892922	 0.004000
0.476911	 0.096729	 -0.362832	 0.129821	 -0.461754	 -0.887008	 0.004000
0.476992	 0.096855	 -0.359293	 0.127956	 -0.470458	 -0.882422	 0.004000
0.476348	 0.096981	 -0.355771	 0.126060	 -0.477362	 -0.878707	 0.003999
0.475907	 0.097038	 -0.352262	 0.124141	 -0.482456	 -0.875920	 0.004000
0.473086	 0.097008	 -0.348762	 0.122206	 -0.485112	 -0.874452	 0.003999
0.473086	 0.097008	 -0.345267	 0.120260	 -0.487933	 -0.872881	 0.004001
0.470789	 0.097085	 -0.341777	 0.118305	 -0.489501	 -0.872003	 0.004000
0.469442	 0.097164	 -0.338288	 0.116347	 -0.489205	 -0.872169	 0.004000
0.469015	 0.097409	 -0.334801	 0.114389	 -0.490285	 -0.871562	 0.004000
0.468704	 0.097554	 -0.331316	 0.112425	 -0.491258	 -0.871014	 0.004000
0.467558	 0.097728	 -0.327832	 0.110460	 -0.491744	 -0.870740	 0.004000
0.466530	 0.097809	 -0.324351	 0.108490	 -0.493202	 -0.869915	 0.004000
0.463302	 0.097899	 -0.320872	 0.106515	 -0.493795	 -0.869579	 0.004000
0.463302	 0.097899	 -0.317395	 0.104538	 -0.495250	 -0.868750	 0.004000
0.461126	 0.098095	 -0.313922	 0.102552	 -0.497188	 -0.867643	 0.004000
0.459849	 0.098241	 -0.310454	 0.100560	 -0.499082	 -0.866555	 0.004000
0.459554	 0.098531	 -0.306990	 0.098560	 -0.500809	 -0.865558	 0.004000
0.459172	 0.098698	 -0.303531	 0.096552	 -0.503147	 -0.864201	 0.004000
0.457349	 0.098909	 -0.300075	 0.094536	 -0.504906	 -0.863174	 0.004000
0.455867	 0.099029	 -0.296625	 0.092513	 -0.506918	 -0.861994	 0.003999
0.454396	 0.099113	 -0.293180	 0.090481	 -0.508733	 -0.860925	 0.004002
0.452527	 0.099259	 -0.289738	 0.088441	 -0.511165	 -0.859483	 0.004000
0.451214	 0.099559	 -0.286303	 0.086392	 -0.513337	 -0.858187	 0.003999
0.450570	 0.099752	 -0.282873	 0.084335	 -0.515506	 -0.856886	 0.004001
0.450176	 0.100053	 -0.279450	 0.082266	 -0.518883	 -0.854845	 0.004000
0.449749	 0.100223	 -0.276034	 0.080183	 -0.522378	 -0.852714	 0.004000
0.446522	 0.100498	 -0.272629	 0.078085	 -0.526979	 -0.849878	 0.003999
0.446522	 0.100498	 -0.269238	 0.075964	 -0.533136	 -0.846030	 0.004001
0.443986	 0.100828	 -0.265861	 0.073819	 -0.539298	 -0.842115	 0.003999
0.443036	 0.101031	 -0.262502	 0.071647	 -0.546859	 -0.837225	 0.004000
0.442995	 0.101355	 -0.259165	 0.069443	 -0.555438	 -0.831558	 0.004000
0.443481	 0.101523	 -0.255852	 0.067202	 -0.564909	 -0.825153	 0.004000
0.441246	 0.101686	 -0.252565	 0.064922	 -0.575223	 -0.817997	 0.004000
0.439573	 0.101892	 -0.249312	 0.062595	 -0.588036	 -0.808834	 0.004000
0.436933	 0.102297	 -0.246098	 0.060214	 -0.602732	 -0.797943	 0.004000
0.436678	 0.102657	 -0.242926	 0.057777	 -0.615582	 -0.788073	 0.004000
0.436678	 0.102657	 -0.239795	 0.055288	 -0.629075	 -0.777345	 0.004001
0.434033	 0.103084	 -0.236707	 0.052745	 -0.642145	 -0.766583	 0.004000
0.430921	 0.103398	 -0.233660	 0.050153	 -0.653716	 -0.756740	 0.004000
0.430848	 0.103785	 -0.230651	 0.047519	 -0.663657	 -0.748037	 0.004000
0.429189	 0.104040	 -0.227674	 0.044848	 -0.671682	 -0.740840	 0.004000
0.428069	 0.104300	 -0.224718	 0.042153	 -0.676060	 -0.736847	 0.004001
0.423973	 0.104920	 -0.221769	 0.039449	 -0.675376	 -0.737474	 0.004000
0.420156	 0.105574	 -0.218812	 0.036756	 -0.671324	 -0.741164	 0.003999
0.420156	 0.105574	 -0.215833	 0.034087	 -0.663199	 -0.748443	 0.004000
0.416641	 0.106236	 -0.212819	 0.031457	 -0.652071	 -0.758158	 0.004000
0.410719	 0.107140	 -0.209764	 0.028875	 -0.638575	 -0.769560	 0.004000
0.407514	 0.107691	 -0.206659	 0.026354	 -0.622345	 -0.782743	 0.004000
0.406377	 0.108214	 -0.203503	 0.023897	 -0.605920	 -0.795526	 0.004000
0.404102	 0.108618	 -0.200301	 0.021500	 -0.592566	 -0.805522	 0.004000
0.401739	 0.109117	 -0.197063	 0.019152	 -0.581555	 -0.813507	 0.004000
0.396142	 0.110231	 -0.193796	 0.016844	 -0.572354	 -0.820006	 0.004000
0.393360	 0.110869	 -0.190506	 0.014570	 -0.565025	 -0.825074	 0.004000
0.392772	 0.111345	 -0.187199	 0.012319	 -0.560185	 -0.828367	 0.004001
0.390590	 0.112077	 -0.183882	 0.010084	 -0.557433	 -0.830222	 0.004000
0.390590	 0.112077	 -0.180559	 0.007856	 -0.556245	 -0.831018	 0.004000
0.386539	 0.113149	 -0.177235	 0.005632	 -0.556102	 -0.831114	 0.003999
0.384011	 0.113847	 -0.173912	 0.003405	 -0.557439	 -0.830218	 0.004000
0.382315	 0.114571	 -0.170594	 0.001171	 -0.559127	 -0.829082	 0.004001
0.382237	 0.114827	 -0.167279	 -0.001068	 -0.560593	 -0.828091	 0.004000
0.379926	 0.115699	 -0.163969	 -0.003313	 -0.562137	 -0.827044	 0.004000
0.379926	 0.115699	 -0.160663	 -0.005565	 -0.563880	 -0.825857	 0.003999
0.375835	 0.116977	 -0.157360	 -0.007820	 -0.563723	 -0.825964	 0.004000
0.372967	 0.118043	 -0.154055	 -0.010075	 -0.563216	 -0.826310	 0.004001
0.371970	 0.118526	 -0.150749	 -0.012326	 -0.562283	 -0.826945	 0.003999
0.370928	 0.119209	 -0.147439	 -0.014572	 -0.560846	 -0.827920	 0.004000
0.370187	 0.119652	 -0.144125	 -0.016812	 -0.559146	 -0.829069	 0.004000
0.367531	 0.120481	 -0.140806	 -0.019045	 -0.557282	 -0.830324	 0.004001
0.364877	 0.121440	 -0.137483	 -0.021272	 -0.556102	 -0.831114	 0.003999
0.361742	 0.122741	 -0.134159	 -0.023496	 -0.556240	 -0.831022	 0.004000
0.360958	 0.123413	 -0.130835	 -0.025721	 -0.555986	 -0.831192	 0.004000
0.360792	 0.123736	 -0.127512	 -0.027948	 -0.557547	 -0.830145	 0.003999
0.357891	 0.125049	 -0.124193	 -0.030180	 -0.558893	 -0.829240	 0.004000
0.357891	 0.125049	 -0.120878	 -0.032419	 -0.560438	 -0.828196	 0.004000
0.353964	 0.126725	 -0.117568	 -0.034665	 -0.562573	 -0.826747	 0.004000
0.352130	 0.127602	 -0.114263	 -0.036916	 -0.563182	 -0.826333	 0.004000
0.350672	 0.128554	 -0.110959	 -0.039172	 -0.564520	 -0.825419	 0.004000
0.350359	 0.128952	 -0.107655	 -0.041428	 -0.563202	 -0.826319	 0.004001
0.347435	 0.130452	 -0.104348	 -0.043679	 -0.562300	 -0.826933	 0.003999
0.345485	 0.131336	 -0.101039	 -0.045925	 -0.560829	 -0.827932	 0.004000
0.343116	 0.132509	 -0.097725	 -0.048164	 -0.558951	 -0.829201	 0.004000
0.341135	 0.133754	 -0.094406	 -0.050397	 -0.557282	 -0.830323	 0.004000
0.340807	 0.134185	 -0.091084	 -0.052625	 -0.556868	 -0.830601	 0.004000
0.339138	 0.135368	 -0.087761	 -0.054851	 -0.556251	 -0.831014	 0.004001
0.339138	 0.135368	 -0.084438	 -0.057079	 -0.557282	 -0.830323	 0.004000
0.335240	 0.137490	 -0.081118	 -0.059310	 -0.558531	 -0.829483	 0.004000
0.332425	 0.139021	 -0.077803	 -0.061548	 -0.560599	 -0.828088	 0.004001
0.331005	 0.140164	 -0.074495	 -0.063797	 -0.563721	 -0.825965	 0.003999
0.330437	 0.140972	 -0.071195	 -0.066056	 -0.566185	 -0.824278	 0.004000
0.330141	 0.141451	 -0.067900	 -0.068325	 -0.568036	 -0.823004	 0.004000
0.327872	 0.142700	 -0.064612	 -0.070603	 -0.570897	 -0.821021	 0.004000
0.325877	 0.143983	 -0.061330	 -0.072890	 -0.572548	 -0.819872	 0.004000
0.321932	 0.146463	 -0.058051	 -0.075181	 -0.572974	 -0.819574	 0.004000
0.320300	 0.147622	 -0.054774	 -0.077474	 -0.573576	 -0.819152	 0.004000
0.320353	 0.148179	 -0.051499	 -0.079770	 -0.574400	 -0.818575	 0.004000
0.317217	 0.150409	 -0.048225	 -0.082069	 -0.575194	 -0.818017	 0.004000
0.317217	 0.150409	 -0.044955	 -0.084372	 -0.576453	 -0.817130	 0.004000
0.313270	 0.153140	 -0.041687	 -0.086678	 -0.576442	 -0.817138	 0.004000
0.311729	 0.154371	 -0.038420	 -0.088987	 -0.578067	 -0.815989	 0.004000
0.310123	 0.155893	 -0.035159	 -0.091303	 -0.579911	 -0.814680	 0.004000
0.308901	 0.156980	 -0.031902	 -0.093625	 -0.581125	 -0.813815	 0.004000
0.307705	 0.157950	 -0.028649	 -0.095953	 -0.582959	 -0.812502	 0.003999
0.303704	 0.161014	 -0.025403	 -0.098290	 -0.585192	 -0.810895	 0.004000
0.301623	 0.162713	 -0.022162	 -0.100635	 -0.587495	 -0.809228	 0.004000
0.299633	 0.164631	 -0.018928	 -0.102989	 -0.589402	 -0.807840	 0.004001
0.299177	 0.165336	 -0.015698	 -0.105349	 -0.590566	 -0.806990	 0.004000
0.297310	 0.166837	 -0.012472	 -0.107713	 -0.591724	 -0.806140	 0.004000
0.293110	 0.170384	 -0.009247	 -0.110080	 -0.591484	 -0.806316	 0.004000
0.290690	 0.172517	 -0.006020	 -0.112444	 -0.590334	 -0.807159	 0.003999
0.288473	 0.174804	 -0.002791	 -0.114804	 -0.589734	 -0.807598	 0.004000
0.288084	 0.175524	 0.000443	 -0.117159	 -0.587880	 -0.808948	 0.004001
0.286008	 0.177374	 0.003681	 -0.119506	 -0.585889	 -0.810392	 0.003999
0.283850	 0.179482	 0.006923	 -0.121849	 -0.585422	 -0.810729	 0.004001
0.279174	 0.183960	 0.010166	 -0.124191	 -0.585288	 -0.810825	 0.004000
0.276941	 0.186551	 0.013409	 -0.126532	 -0.585722	 -0.810512	 0.004000
0.276566	 0.187334	 0.016649	 -0.128878	 -0.586818	 -0.809719	 0.004000
0.272487	 0.191689	 0.019886	 -0.131228	 -0.588415	 -0.808559	 0.004001
0.272487	 0.191689	 0.023119	 -0.133584	 -0.589497	 -0.807771	 0.004000
0.267697	 0.196862	 0.026348	 -0.135944	 -0.590800	 -0.806818	 0.004000
0.264965	 0.200250	 0.029575	 -0.138307	 -0.590728	 -0.806870	 0.004000
0.264242	 0.201442	 0.032803	 -0.140669	 -0.590097	 -0.807332	 0.003999
0.260497	 0.206058	 0.036034	 -0.143028	 -0.589274	 -0.807933	 0.004000
0.260497	 0.206058	 0.039268	 -0.145381	 -0.587651	 -0.809114	 0.004001
0.255494	 0.212181	 0.042508	 -0.147728	 -0.585346	 -0.810783	 0.003999
0.252310	 0.216547	 0.045753	 -0.150066	 -0.583895	 -0.811829	 0.004001
0.251205	 0.218314	 0.049004	 -0.152398	 -0.581723	 -0.813387	 0.004000
0.248701	 0.222195	 0.052258	 -0.154724	 -0.581262	 -0.813717	 0.004000
0.248701	 0.222195	 0.055513	 -0.157048	 -0.581191	 -0.813767	 0.004000
0.243671	 0.229254	 0.058768	 -0.159374	 -0.581427	 -0.813598	 0.003999
0.240206	 0.234223	 0.062019	 -0.161702	 -0.582963	 -0.812499	 0.004000
0.238457	 0.237496	 0.065268	 -0.164036	 -0.583954	 -0.811787	 0.004000
0.236414	 0.241324	 0.068514	 -0.166374	 -0.584828	 -0.811158	 0.003999
0.236414	 0.241324	 0.071757	 -0.168716	 -0.586122	 -0.810223	 0.004001
0.231448	 0.249330	 0.075000	 -0.171058	 -0.584721	 -0.811235	 0.004000
0.227778	 0.255363	 0.078248	 -0.173391	 -0.582361	 -0.812930	 0.003999
0.224884	 0.260862	 0.081506	 -0.175711	 -0.577780	 -0.816192	 0.004000
0.222923	 0.265176	 0.084779	 -0.178011	 -0.571978	 -0.820269	 0.004000
0.221657	 0.267994	 0.088072	 -0.180283	 -0.563713	 -0.825971	 0.004000
0.219293	 0.272363	 0.091390	 -0.182517	 -0.553430	 -0.832895	 0.004001
0.216409	 0.278053	 0.094739	 -0.184705	 -0.540497	 -0.841346	 0.004000
0.212125	 0.286971	 0.098124	 -0.186833	 -0.523860	 -0.851804	 0.003999
0.210740	 0.290453	 0.101549	 -0.188900	 -0.509639	 -0.860388	 0.004001
0.209421	 0.294545	 0.105008	 -0.190909	 -0.494387	 -0.869242	 0.003999
0.209416	 0.295650	 0.108500	 -0.192859	 -0.480882	 -0.876785	 0.004001
0.208287	 0.299713	 0.112019	 -0.194761	 -0.469771	 -0.882789	 0.004000
0.207765	 0.301924	 0.115559	 -0.196622	 -0.461061	 -0.887368	 0.003999
0.206149	 0.307119	 0.119112	 -0.198460	 -0.457879	 -0.889015	 0.004001
0.205036	 0.310520	 0.122666	 -0.200297	 -0.460565	 -0.887626	 0.003999
0.206022	 0.309448	 0.126207	 -0.202157	 -0.469472	 -0.882947	 0.004000
0.206102	 0.310511	 0.129725	 -0.204060	 -0.481967	 -0.876190	 0.004000
0.207981	 0.308949	 0.133213	 -0.206020	 -0.497968	 -0.867195	 0.004000
0.209244	 0.307757	 0.136661	 -0.208047	 -0.515378	 -0.856963	 0.003999
0.209656	 0.309151	 0.140066	 -0.210144	 -0.533523	 -0.845786	 0.004000
0.209656	 0.309151	 0.143425	 -0.212315	 -0.551928	 -0.833892	 0.004001
0.208308	 0.313892	 0.146738	 -0.214556	 -0.568300	 -0.822822	 0.004000
0.207587	 0.316534	 0.150012	 -0.216853	 -0.580671	 -0.814139	 0.004001
0.207357	 0.319186	 0.153255	 -0.219195	 -0.590355	 -0.807144	 0.003999
0.207663	 0.319854	 0.156471	 -0.221573	 -0.598439	 -0.801168	 0.004000
0.207260	 0.321733	 0.159666	 -0.223981	 -0.605546	 -0.795810	 0.004000
0.204936	 0.328754	 0.162840	 -0.226414	 -0.610942	 -0.791675	 0.004000
0.203639	 0.332747	 0.165998	 -0.228869	 -0.616551	 -0.787315	 0.004000
0.201923	 0.338783	 0.169140	 -0.231345	 -0.621458	 -0.783447	 0.004000
0.200766	 0.342606	 0.172269	 -0.233837	 -0.624512	 -0.781015	 0.004000
0.200092	 0.345321	 0.175387	 -0.236343	 -0.628529	 -0.777786	 0.004000
0.196205	 0.356529	 0.178492	 -0.238864	 -0.631712	 -0.775203	 0.004000
0.194438	 0.362022	 0.181589	 -0.241395	 -0.634313	 -0.773077	 0.004000
0.193136	 0.367912	 0.184676	 -0.243938	 -0.637056	 -0.770818	 0.004000
0.191100	 0.374058	 0.187757	 -0.246490	 -0.638708	 -0.769449	 0.004000
0.189648	 0.379246	 0.190830	 -0.249051	 -0.641708	 -0.766949	 0.004000
0.184981	 0.394045	 0.193895	 -0.251621	 -0.643473	 -0.765468	 0.004000
0.181934	 0.403652	 0.196954	 -0.254198	 -0.644821	 -0.764334	 0.004000
0.182630	 0.403404	 0.200009	 -0.256781	 -0.646603	 -0.762827	 0.004001
0.177938	 0.419753	 0.203058	 -0.259370	 -0.648069	 -0.761581	 0.004000
0.174217	 0.432471	 0.206103	 -0.261964	 -0.648896	 -0.760878	 0.004001
0.172766	 0.440354	 0.209143	 -0.264564	 -0.650894	 -0.759168	 0.003999
0.170427	 0.449330	 0.212178	 -0.267168	 -0.651450	 -0.758692	 0.004000
0.168574	 0.457311	 0.215212	 -0.269775	 -0.652108	 -0.758126	 0.003999
0.163696	 0.477511	 0.218244	 -0.272384	 -0.652396	 -0.757879	 0.004001
0.159946	 0.494895	 0.221274	 -0.274995	 -0.653053	 -0.757312	 0.004000
0.159946	 0.494895	 0.224303	 -0.277608	 -0.653340	 -0.757065	 0.004001
0.156427	 0.512391	 0.227331	 -0.280222	 -0.653587	 -0.756851	 0.003999
0.151990	 0.534416	 0.230356	 -0.282840	 -0.655206	 -0.755450	 0.004000
0.150504	 0.542825	 0.233374	 -0.285464	 -0.657070	 -0.753830	 0.004000
0.149156	 0.550913	 0.236386	 -0.288096	 -0.659088	 -0.752066	 0.004001
0.145054	 0.573993	 0.239390	 -0.290738	 -0.661721	 -0.749750	 0.003999
0.142717	 0.587356	 0.242380	 -0.293394	 -0.666502	 -0.745503	 0.004000
0.140706	 0.602107	 0.245353	 -0.296071	 -0.671901	 -0.740641	 0.004001
0.138564	 0.615648	 0.248303	 -0.298771	 -0.678415	 -0.734679	 0.003999
0.137717	 0.622484	 0.251221	 -0.301507	 -0.689137	 -0.724631	 0.004001
0.133619	 0.650087	 0.254098	 -0.304287	 -0.700703	 -0.713453	 0.004000
0.130868	 0.669136	 0.256924	 -0.307117	 -0.714568	 -0.699566	 0.004000
0.130049	 0.676498	 0.259692	 -0.310004	 -0.729007	 -0.684506	 0.004000
0.126283	 0.705962	 0.262397	 -0.312951	 -0.744325	 -0.667817	 0.004000
0.121555	 0.741649	 0.265029	 -0.315963	 -0.761563	 -0.648091	 0.004001
0.120148	 0.754453	 0.267576	 -0.319045	 -0.779916	 -0.625884	 0.003999
0.112129	 0.823827	 0.270031	 -0.322203	 -0.798799	 -0.601598	 0.004001
0.107643	 0.868507	 0.272401	 -0.325426	 -0.812278	 -0.583270	 0.004000
0.098692	 0.967888	 0.274696	 -0.328701	 -0.825767	 -0.564012	 0.004000
0.098692	 0.967888	 0.276914	 -0.332030	 -0.838569	 -0.544795	 0.004000
0.084541	 1.162386	 0.279055	 -0.335407	 -0.850420	 -0.526105	 0.003999
0.071991	 1.396365	 0.281120	 -0.338833	 -0.862307	 -0.506386	 0.004001
0.053619	 1.941476	 0.283119	 -0.342298	 -0.870129	 -0.492823	 0.003999
0.038813	 2.754426	 0.285065	 -0.345793	 -0.877054	 -0.480392	 0.004001
0.034389	 3.140993	 0.286963	 -0.349314	 -0.883575	 -0.468290	 0.004000
0.015312	 7.288937	 0.288812	 -0.352860	 -0.889677	 -0.456591	 0.003999
-0.006952	 16.655536	 0.290615	 -0.356430	 -0.895574	 -0.444913	 0.004001
-0.042635	 2.883685	 0.292374	 -0.360023	 -0.900542	 -0.434770	 0.004000
-0.074524	 1.732152	 0.294096	 -0.363633	 -0.904728	 -0.425990	 0.004000
-0.128291	 1.093621	 0.295793	 -0.367256	 -0.906439	 -0.422338	 0.003999
-0.170855	 0.871940	 0.297476	 -0.370884	 -0.907894	 -0.419201	 0.004000
-0.248396	 0.669850	 0.299153	 -0.374516	 -0.907754	 -0.419502	 0.004000
-0.302808	 0.590414	 0.300837	 -0.378144	 -0.906247	 -0.422749	 0.004000
-0.358126	 0.534614	 0.302551	 -0.381758	 -0.900929	 -0.433966	 0.004000
-0.417910	 0.496696	 0.304339	 -0.385336	 -0.887936	 -0.459967	 0.004000
-0.482802	 0.463350	 0.306241	 -0.388854	 -0.871121	 -0.491068	 0.003999
-0.644658	 0.416526	 0.308299	 -0.392282	 -0.843146	 -0.537684	 0.004000
-0.835256	 0.389728	 0.310594	 -0.395554	 -0.792438	 -0.609952	 0.004000
-1.012890	 0.379829	 0.313244	 -0.398537	 -0.699314	 -0.714815	 0.004000
-1.116697	 0.383302	 0.316377	 -0.400983	 -0.523218	 -0.852199	 0.004000
-1.085031	 0.388997	 0.320028	 -0.402488	 -0.229569	 -0.973292	 0.003999
-1.095719	 0.408283	 0.323946	 -0.402611	 0.167965	 -0.985793	 0.004001
-1.067822	 0.418448	 0.327642	 -0.401260	 0.507457	 -0.861677	 0.004000
-1.047826	 0.418526	 0.330814	 -0.398868	 0.688999	 -0.724762	 0.003999
-1.036061	 0.419049	 0.333442	 -0.395875	 0.807762	 -0.589509	 0.004000
-1.027670	 0.419480	 0.335584	 -0.392506	 0.876459	 -0.481477	 0.004000
-1.023192	 0.420001	 0.337355	 -0.388923	 0.914931	 -0.403609	 0.004001
-1.020867	 0.421562	 0.338802	 -0.385198	 0.947375	 -0.320127	 0.003998
-1.021058	 0.422996	 0.339938	 -0.381366	 0.968835	 -0.247708	 0.004001
-1.026509	 0.422748	 0.340832	 -0.377468	 0.979902	 -0.199480	 0.004000
-1.029544	 0.423822	 0.341542	 -0.373533	 0.987834	 -0.155513	 0.004000
-1.032487	 0.424846	 0.342085	 -0.369571	 0.993249	 -0.116000	 0.004000
-1.035379	 0.426010	 0.342469	 -0.365590	 0.997090	 -0.076238	 0.004001
-1.041697	 0.429741	 0.342701	 -0.361597	 0.999209	 -0.039758	 0.003999
-1.044622	 0.432548	 0.342811	 -0.357599	 0.999884	 -0.015248	 0.004000
-1.047360	 0.435801	 0.342829	 -0.353599	 0.999979	 0.006500	 0.004000
-1.049986	 0.439260	 0.342741	 -0.349600	 0.999297	 0.037502	 0.004000
-1.052698	 0.442697	 0.342567	 -0.345604	 0.998774	 0.049501	 0.004000
-1.055972	 0.445938	 0.342345	 -0.341611	 0.998122	 0.061257	 0.004000
-1.060099	 0.449034	 0.342052	 -0.337622	 0.996318	 0.085734	 0.004001
-1.064892	 0.451973	 0.341700	 -0.333638	 0.995918	 0.090265	 0.003999
-1.070010	 0.454454	 0.341328	 -0.329655	 0.995406	 0.095741	 0.004000
-1.075226	 0.456217	 0.340926	 -0.325676	 0.994470	 0.105023	 0.003999
-1.080409	 0.457149	 0.340497	 -0.321699	 0.993987	 0.109499	 0.004000
-1.086210	 0.456890	 0.340048	 -0.317724	 0.993342	 0.115203	 0.004002
-1.090586	 0.455581	 0.339579	 -0.313751	 0.992892	 0.119017	 0.003999
-1.094778	 0.453075	 0.339098	 -0.309780	 0.992620	 0.121265	 0.004000
-1.099634	 0.449927	 0.338607	 -0.305810	 0.992220	 0.124496	 0.004000
-1.105777	 0.446818	 0.338110	 -0.301841	 0.992282	 0.124004	 0.004000
-1.112785	 0.443835	 0.337613	 -0.297872	 0.992220	 0.124496	 0.004000
-1.119718	 0.440761	 0.337116	 -0.293903	 0.992251	 0.124250	 0.004000
-1.126031	 0.437519	 0.336612	 -0.289936	 0.991869	 0.127265	 0.004000
-1.131759	 0.434201	 0.336100	 -0.285968	 0.991646	 0.128987	 0.004000
-1.136681	 0.429704	 0.335575	 -0.282003	 0.991048	 0.133506	 0.004000
-1.140683	 0.426083	 0.335041	 -0.278039	 0.991048	 0.133506	 0.004000
-1.145854	 0.422966	 0.334507	 -0.274074	 0.991052	 0.133473	 0.004001
-1.152542	 0.420780	 0.333966	 -0.270111	 0.990536	 0.137255	 0.004000
-1.159477	 0.419402	 0.333415	 -0.266149	 0.990395	 0.138270	 0.003999
-1.165546	 0.418567	 0.332862	 -0.262188	 0.990434	 0.137991	 0.004000
-1.170396	 0.418001	 0.332304	 -0.258227	 0.990009	 0.141001	 0.004000
-1.173293	 0.417072	 0.331736	 -0.254267	 0.989764	 0.142716	 0.004001
-1.175303	 0.416444	 0.331157	 -0.250309	 0.989134	 0.147020	 0.003999
-1.178370	 0.416405	 0.330565	 -0.246353	 0.988841	 0.148976	 0.004001
-1.183046	 0.417296	 0.329964	 -0.242399	 0.988452	 0.151531	 0.003999
-1.187514	 0.418476	 0.329358	 -0.238445	 0.988501	 0.151212	 0.004001
-1.190161	 0.419154	 0.328750	 -0.234492	 0.988177	 0.153316	 0.003998
-1.189852	 0.418840	 0.328122	 -0.230542	 0.987081	 0.160223	 0.004001
-1.187846	 0.417792	 0.327481	 -0.226593	 0.987074	 0.160262	 0.004000
-1.186738	 0.417132	 0.326840	 -0.222645	 0.987081	 0.160223	 0.004001
-1.187432	 0.417072	 0.326188	 -0.218698	 0.986163	 0.165777	 0.003999
-1.188130	 0.416814	 0.325523	 -0.214754	 0.985958	 0.166993	 0.004000
-1.186766	 0.415516	 0.324852	 -0.210811	 0.985745	 0.168249	 0.004000
-1.183266	 0.413212	 0.324175	 -0.206869	 0.985355	 0.170518	 0.004000
-1.175157	 0.408935	 0.323491	 -0.202927	 0.985193	 0.171447	 0.004001
-1.170748	 0.406326	 0.322800	 -0.198987	 0.984781	 0.173800	 0.003999
-1.168236	 0.404220	 0.322105	 -0.195048	 0.984711	 0.174199	 0.004001
-1.165048	 0.401697	 0.321405	 -0.191109	 0.984472	 0.175540	 0.003999
-1.159589	 0.398324	 0.320700	 -0.187173	 0.984212	 0.176993	 0.004000
-1.149595	 0.393108	 0.319991	 -0.183235	 0.984169	 0.177235	 0.004000
-1.141356	 0.389208	 0.319278	 -0.179300	 0.983750	 0.179546	 0.003999
-1.135505	 0.386209	 0.318558	 -0.175366	 0.983581	 0.180469	 0.004001
-1.130624	 0.383490	 0.317833	 -0.171432	 0.983342	 0.181767	 0.004000
-1.124071	 0.380420	 0.317101	 -0.167499	 0.982830	 0.184515	 0.004000
-1.115654	 0.377059	 0.316360	 -0.163569	 0.982557	 0.185963	 0.004001
-1.103461	 0.372687	 0.315612	 -0.159639	 0.982218	 0.187744	 0.004000
-1.095654	 0.370203	 0.314854	 -0.155711	 0.981540	 0.191258	 0.004000
-1.089330	 0.368234	 0.314086	 -0.151786	 0.981248	 0.192750	 0.004000
-1.081988	 0.366145	 0.313308	 -0.147862	 0.980455	 0.196741	 0.004000
-1.073154	 0.363861	 0.312518	 -0.143941	 0.980194	 0.198039	 0.003999
-1.071345	 0.363201	 0.311720	 -0.140022	 0.979588	 0.201018	 0.004000
-1.061192	 0.360824	 0.310909	 -0.136105	 0.978822	 0.204713	 0.004001
-1.053260	 0.359251	 0.310087	 -0.132190	 0.978499	 0.206250	 0.004000
-1.046629	 0.358028	 0.309254	 -0.128277	 0.977755	 0.209751	 0.004000
-1.039088	 0.356539	 0.308410	 -0.124367	 0.977113	 0.212720	 0.004001
-1.028583	 0.354144	 0.307554	 -0.120460	 0.976609	 0.215024	 0.004000
-1.019911	 0.352480	 0.306688	 -0.116555	 0.975898	 0.218227	 0.004000
-1.013341	 0.351449	 0.305810	 -0.112652	 0.975446	 0.220238	 0.004000
-1.007232	 0.350376	 0.304925	 -0.108752	 0.974978	 0.222302	 0.003999
-0.998989	 0.348457	 0.304027	 -0.104854	 0.973900	 0.226977	 0.004000
-0.990865	 0.346556	 0.303115	 -0.100959	 0.973478	 0.228780	 0.003999
-0.984687	 0.345369	 0.302194	 -0.097067	 0.972718	 0.231992	 0.004000
-0.979514	 0.344346	 0.301258	 -0.093178	 0.971820	 0.235725	 0.004000
-0.973671	 0.342863	 0.300312	 -0.089291	 0.971321	 0.237773	 0.004000
-0.965592	 0.340401	 0.299353	 -0.085408	 0.970396	 0.241518	 0.004000
-0.960390	 0.339024	 0.298381	 -0.081528	 0.969598	 0.244705	 0.004001
-0.956675	 0.338153	 0.297397	 -0.077651	 0.969070	 0.246787	 0.003999
-0.951960	 0.336902	 0.296402	 -0.073777	 0.967996	 0.250966	 0.004001
-0.944600	 0.334576	 0.295393	 -0.069906	 0.967336	 0.253496	 0.004000
-0.940534	 0.332909	 0.294375	 -0.066037	 0.966810	 0.255496	 0.004000
-0.938101	 0.331984	 0.293345	 -0.062172	 0.965744	 0.259498	 0.004000
-0.934671	 0.330997	 0.292300	 -0.058311	 0.964858	 0.262773	 0.004000
-0.929588	 0.329643	 0.291244	 -0.054453	 0.964114	 0.265490	 0.004000
-0.926112	 0.328056	 0.290172	 -0.050599	 0.962791	 0.270247	 0.004000
-0.923265	 0.326503	 0.289084	 -0.046751	 0.961718	 0.274041	 0.003999
-0.919317	 0.324296	 0.287982	 -0.042906	 0.960870	 0.276999	 0.004000
-0.916345	 0.323101	 0.286865	 -0.039065	 0.959503	 0.281699	 0.004001
-0.914050	 0.321997	 0.285731	 -0.035228	 0.958529	 0.284994	 0.004000
-0.911504	 0.320446	 0.284585	 -0.031396	 0.957615	 0.288050	 0.003999
-0.908169	 0.318342	 0.283423	 -0.027569	 0.956037	 0.293246	 0.004000
-0.906304	 0.317253	 0.282241	 -0.023747	 0.954813	 0.297207	 0.004001
-0.904226	 0.315715	 0.281046	 -0.019930	 0.953788	 0.300480	 0.004000
-0.901334	 0.313359	 0.279834	 -0.016118	 0.952106	 0.305768	 0.004000
-0.899655	 0.312048	 0.278602	 -0.012313	 0.950716	 0.310062	 0.003999
-0.898064	 0.310675	 0.277355	 -0.008512	 0.949513	 0.313729	 0.004000
-0.895711	 0.308255	 0.276090	 -0.004717	 0.947926	 0.318490	 0.004000
-0.894374	 0.307056	 0.274805	 -0.000929	 0.945982	 0.324218	 0.004000
-0.893167	 0.305944	 0.273500	 0.002852	 0.944680	 0.327993	 0.004000
-0.892943	 0.305433	 0.272178	 0.006627	 0.942991	 0.332818	 0.003999
-0.891271	 0.303721	 0.270834	 0.010394	 0.940701	 0.339236	 0.004000
-0.890333	 0.302921	 0.269471	 0.014155	 0.939441	 0.342710	 0.004000
-0.889338	 0.301706	 0.268092	 0.017910	 0.937936	 0.346809	 0.003999
-0.888285	 0.300673	 0.266691	 0.021656	 0.935363	 0.353689	 0.004001
-0.887544	 0.300152	 0.265265	 0.025394	 0.933329	 0.359021	 0.004000
-0.886461	 0.298960	 0.263819	 0.029123	 0.931507	 0.363723	 0.004000
-0.885333	 0.298111	 0.262354	 0.032845	 0.929425	 0.369010	 0.004000
-0.884052	 0.297224	 0.260862	 0.036557	 0.926327	 0.376720	 0.004000
-0.882279	 0.295779	 0.259345	 0.040258	 0.924142	 0.382048	 0.003999
-0.880896	 0.295108	 0.257805	 0.043949	 0.921673	 0.387968	 0.004000
-0.878682	 0.293969	 0.256236	 0.047629	 0.918014	 0.396549	 0.004000
-0.876760	 0.293459	 0.254632	 0.051293	 0.914230	 0.405197	 0.004001
-0.874980	 0.293347	 0.252998	 0.054944	 0.911161	 0.412050	 0.004000
-0.871996	 0.293411	 0.251336	 0.058582	 0.907989	 0.418995	 0.004000
-0.870255	 0.293931	 0.249640	 0.062205	 0.903211	 0.429196	 0.004001
-0.867057	 0.294519	 0.247906	 0.065809	 0.899177	 0.437586	 0.003999
-0.867057	 0.294519	 0.246140	 0.069398	 0.895315	 0.445433	 0.004001
-0.863920	 0.296489	 0.244343	 0.072972	 0.891599	 0.452826	 0.003999
-0.861499	 0.296363	 0.242511	 0.076527	 0.886222	 0.463261	 0.004000
-0.857417	 0.297754	 0.240642	 0.080063	 0.881753	 0.471711	 0.004000
-0.854601	 0.297195	 0.238739	 0.083582	 0.877666	 0.479272	 0.004000
-0.850024	 0.298041	 0.236807	 0.087084	 0.873289	 0.487202	 0.004000
-0.848037	 0.297522	 0.234839	 0.090566	 0.867846	 0.496834	 0.003999
-0.844569	 0.299068	 0.232828	 0.094025	 0.861265	 0.508156	 0.004001
-0.843773	 0.298567	 0.230779	 0.097460	 0.856251	 0.516561	 0.004000
-0.841876	 0.298974	 0.228695	 0.100874	 0.850837	 0.525430	 0.004001
-0.841876	 0.298974	 0.226576	 0.104267	 0.845376	 0.534172	 0.004001
-0.840283	 0.297941	 0.224417	 0.107634	 0.838192	 0.545375	 0.003999
-0.839702	 0.295510	 0.222216	 0.110974	 0.831896	 0.554931	 0.004000
-0.839028	 0.293138	 0.219982	 0.114292	 0.827094	 0.562064	 0.004000
-0.839611	 0.290851	 0.217720	 0.117590	 0.822309	 0.569041	 0.004000
-0.841064	 0.288612	 0.215432	 0.120871	 0.818185	 0.574955	 0.004000
-0.841529	 0.288210	 0.213121	 0.124136	 0.814257	 0.580505	 0.004000
-0.842505	 0.284608	 0.210792	 0.127388	 0.811752	 0.584002	 0.004000
-0.843848	 0.279581	 0.208452	 0.130632	 0.810085	 0.586312	 0.004000
-0.845347	 0.276549	 0.206102	 0.133869	 0.808498	 0.588499	 0.004000
-0.847660	 0.272412	 0.203743	 0.137100	 0.806905	 0.590681	 0.004000
-0.850103	 0.267637	 0.201377	 0.140325	 0.805426	 0.592696	 0.004000
-0.850103	 0.267637	 0.198997	 0.143540	 0.802035	 0.597276	 0.004000
-0.852161	 0.262210	 0.196596	 0.146739	 0.797653	 0.603116	 0.003999
-0.853479	 0.259433	 0.194169	 0.149919	 0.792224	 0.610230	 0.004000
-0.855774	 0.255639	 0.191711	 0.153075	 0.785528	 0.618825	 0.004001
-0.857788	 0.251623	 0.189213	 0.156199	 0.776336	 0.630320	 0.004000
-0.857788	 0.251623	 0.186657	 0.159276	 0.762143	 0.647409	 0.004001
-0.859047	 0.247679	 0.184034	 0.162295	 0.747864	 0.663852	 0.003999
-0.860290	 0.244913	 0.181341	 0.165252	 0.730698	 0.682701	 0.004000
-0.861239	 0.242431	 0.178573	 0.168139	 0.712586	 0.701585	 0.004000
-0.861186	 0.241321	 0.175729	 0.170951	 0.693224	 0.720723	 0.004000
-0.861701	 0.240254	 0.172809	 0.173684	 0.673469	 0.739216	 0.004000
-0.861349	 0.238106	 0.169818	 0.176340	 0.654531	 0.756035	 0.004000
-0.860983	 0.236566	 0.166759	 0.178917	 0.633646	 0.773623	 0.004001
-0.861224	 0.235922	 0.163641	 0.181422	 0.619344	 0.785120	 0.003999
-0.860996	 0.235593	 0.160481	 0.183874	 0.606698	 0.794932	 0.004000
-0.860356	 0.234107	 0.157286	 0.186280	 0.596112	 0.802901	 0.003999
-0.860132	 0.233304	 0.154064	 0.188650	 0.588944	 0.808174	 0.004000
-0.859084	 0.231788	 0.150818	 0.190989	 0.580505	 0.814257	 0.004000
-0.859084	 0.231788	 0.148220	 0.192841	 0.580404	 0.814329	 0.002381
