-0.565735	 0.227886	 0.109597	 0.217012	 0.425183	 0.905107	 0.004001
-0.565735	 0.227886	 0.105974	 0.218709	 0.422844	 0.906202	 0.003999
-0.567305	 0.227225	 0.102347	 0.220394	 0.420215	 0.907425	 0.004000
-0.569053	 0.226768	 0.098715	 0.222071	 0.417736	 0.908569	 0.004000
-0.570549	 0.226418	 0.095077	 0.223735	 0.414236	 0.910169	 0.004000
-0.572240	 0.226308	 0.091433	 0.225382	 0.409569	 0.912279	 0.003999
-0.573988	 0.225951	 0.087778	 0.227009	 0.403929	 0.914790	 0.004001
-0.575362	 0.226228	 0.084113	 0.228610	 0.396760	 0.917923	 0.004000
-0.578233	 0.225119	 0.080433	 0.230179	 0.387277	 0.921964	 0.004000
-0.580790	 0.224245	 0.076736	 0.231705	 0.375963	 0.926635	 0.004000
-0.583920	 0.223010	 0.073016	 0.233174	 0.358535	 0.933516	 0.004000
-0.587051	 0.221719	 0.069267	 0.234570	 0.339494	 0.940608	 0.004000
-0.589922	 0.220872	 0.065490	 0.235886	 0.318229	 0.948014	 0.004000
-0.593517	 0.219296	 0.061684	 0.237113	 0.295547	 0.955328	 0.003999
-0.597432	 0.217388	 0.057848	 0.238246	 0.270975	 0.962586	 0.004000
-0.601161	 0.215682	 0.053983	 0.239278	 0.244759	 0.969584	 0.004000
-0.603930	 0.215251	 0.050092	 0.240204	 0.218227	 0.975898	 0.004000
-0.607511	 0.213575	 0.046177	 0.241019	 0.189751	 0.981832	 0.004000
-0.611646	 0.211461	 0.042242	 0.241737	 0.168781	 0.985654	 0.003999
-0.616036	 0.208938	 0.038294	 0.242376	 0.151216	 0.988501	 0.004001
-0.619802	 0.207106	 0.034335	 0.242951	 0.136270	 0.990672	 0.003999
-0.622853	 0.206158	 0.030369	 0.243472	 0.123736	 0.992315	 0.004000
-0.625657	 0.205621	 0.026397	 0.243947	 0.113751	 0.993509	 0.004000
-0.628677	 0.204515	 0.022422	 0.244388	 0.107006	 0.994258	 0.004000
-0.632130	 0.203412	 0.018444	 0.244809	 0.103261	 0.994654	 0.004000
-0.635954	 0.201912	 0.014465	 0.245215	 0.099749	 0.995013	 0.004000
-0.640221	 0.199917	 0.010485	 0.245608	 0.097001	 0.995284	 0.004000
-0.644906	 0.197458	 0.006503	 0.245990	 0.093983	 0.995574	 0.004001
-0.649654	 0.194945	 0.002520	 0.246360	 0.091017	 0.995849	 0.003999
-0.653974	 0.192935	 -0.001464	 0.246714	 0.085988	 0.996296	 0.004001
-0.657754	 0.191530	 -0.005451	 0.247047	 0.080255	 0.996774	 0.004000
-0.661201	 0.190479	 -0.009438	 0.247355	 0.074004	 0.997258	 0.004000
-0.664510	 0.189537	 -0.013429	 0.247634	 0.065746	 0.997836	 0.004000
-0.667784	 0.188545	 -0.017421	 0.247874	 0.054253	 0.998527	 0.004000
-0.669885	 0.187240	 -0.021416	 0.248069	 0.043251	 0.999064	 0.004000
-0.673028	 0.185999	 -0.025414	 0.248223	 0.033246	 0.999447	 0.004001
-0.676037	 0.184666	 -0.029412	 0.248333	 0.022251	 0.999752	 0.004000
-0.678831	 0.183273	 -0.033412	 0.248399	 0.010750	 0.999942	 0.004000
-0.681340	 0.181860	 -0.037412	 0.248415	 -0.003000	 0.999995	 0.004000
-0.683549	 0.180461	 -0.041411	 0.248385	 -0.011999	 0.999928	 0.004000
-0.685465	 0.179097	 -0.045411	 0.248318	 -0.021253	 0.999774	 0.004000
-0.687089	 0.177770	 -0.049409	 0.248217	 -0.029497	 0.999565	 0.004000
-0.688415	 0.176465	 -0.053407	 0.248074	 -0.041747	 0.999128	 0.004000
-0.691166	 0.175294	 -0.057403	 0.247892	 -0.049500	 0.998774	 0.004000
-0.692082	 0.173980	 -0.061397	 0.247677	 -0.057758	 0.998331	 0.003999
-0.693594	 0.170739	 -0.065389	 0.247429	 -0.066496	 0.997787	 0.004000
-0.694260	 0.168653	 -0.069379	 0.247141	 -0.077507	 0.996992	 0.004000
-0.694729	 0.166461	 -0.073365	 0.246814	 -0.085749	 0.996317	 0.004000
-0.694418	 0.164763	 -0.077349	 0.246456	 -0.093506	 0.995619	 0.004000
-0.692852	 0.163987	 -0.081330	 0.246066	 -0.101236	 0.994862	 0.004001
-0.690392	 0.163798	 -0.085307	 0.245640	 -0.112262	 0.993679	 0.004000
-0.687761	 0.163579	 -0.089280	 0.245177	 -0.118979	 0.992897	 0.004001
-0.685303	 0.162997	 -0.093250	 0.244689	 -0.125019	 0.992154	 0.003999
-0.683154	 0.161962	 -0.097217	 0.244174	 -0.132246	 0.991217	 0.004000
-0.682854	 0.160467	 -0.101179	 0.243627	 -0.141260	 0.989972	 0.004000
-0.681507	 0.158403	 -0.105137	 0.243052	 -0.146739	 0.989175	 0.004000
-0.678997	 0.157227	 -0.109093	 0.242453	 -0.152226	 0.988346	 0.004001
-0.675057	 0.157190	 -0.113044	 0.241831	 -0.159287	 0.987232	 0.003999
-0.670804	 0.157263	 -0.116990	 0.241179	 -0.166466	 0.986047	 0.004001
-0.667151	 0.156684	 -0.120933	 0.240503	 -0.171774	 0.985136	 0.003999
-0.665233	 0.155384	 -0.124871	 0.239804	 -0.177521	 0.984117	 0.004000
-0.662662	 0.153694	 -0.128805	 0.239078	 -0.185194	 0.982702	 0.004001
-0.658668	 0.153161	 -0.132735	 0.238329	 -0.189283	 0.981923	 0.003999
-0.653703	 0.153394	 -0.136660	 0.237564	 -0.193519	 0.981097	 0.004000
-0.649140	 0.153191	 -0.140581	 0.236773	 -0.201688	 0.979450	 0.004001
-0.646069	 0.152157	 -0.144498	 0.235959	 -0.205532	 0.978650	 0.003999
-0.642907	 0.150755	 -0.148411	 0.235129	 -0.209512	 0.977806	 0.004000
-0.638183	 0.150588	 -0.152318	 0.234278	 -0.216030	 0.976387	 0.003999
-0.632996	 0.150843	 -0.156222	 0.233407	 -0.219471	 0.975619	 0.004001
-0.628596	 0.150411	 -0.160124	 0.232523	 -0.222723	 0.974882	 0.004000
-0.625736	 0.149051	 -0.164021	 0.231623	 -0.227269	 0.973832	 0.004000
-0.621769	 0.148441	 -0.167915	 0.230707	 -0.230753	 0.973012	 0.004000
-0.616687	 0.148758	 -0.171806	 0.229778	 -0.233467	 0.972365	 0.004001
-0.612176	 0.148612	 -0.175694	 0.228837	 -0.237002	 0.971509	 0.004000
-0.611376	 0.149073	 -0.179578	 0.227884	 -0.239770	 0.970830	 0.004000
-0.609223	 0.147446	 -0.183460	 0.226919	 -0.242242	 0.970216	 0.004000
-0.605622	 0.146744	 -0.187340	 0.225945	 -0.245005	 0.969522	 0.004000
-0.600636	 0.147044	 -0.191216	 0.224957	 -0.248766	 0.968564	 0.004000
-0.595529	 0.147351	 -0.195089	 0.223958	 -0.250997	 0.967988	 0.004000
-0.593653	 0.145720	 -0.198960	 0.222948	 -0.253989	 0.967207	 0.004000
-0.589812	 0.145187	 -0.202826	 0.221924	 -0.258036	 0.966135	 0.003999
-0.584092	 0.145630	 -0.206689	 0.220886	 -0.260959	 0.965350	 0.004001
-0.578388	 0.145772	 -0.210548	 0.219834	 -0.265000	 0.964249	 0.004000
-0.578158	 0.143898	 -0.214403	 0.218768	 -0.268276	 0.963342	 0.004000
-0.575163	 0.143442	 -0.218255	 0.217690	 -0.270492	 0.962722	 0.004000
-0.568583	 0.143951	 -0.222104	 0.216597	 -0.275975	 0.961165	 0.004000
-0.560950	 0.144007	 -0.225946	 0.215487	 -0.278780	 0.960355	 0.004000
-0.559095	 0.143107	 -0.229787	 0.214368	 -0.280989	 0.959711	 0.004000
-0.556248	 0.143052	 -0.233623	 0.213234	 -0.285696	 0.958320	 0.004001
-0.553384	 0.142696	 -0.237455	 0.212089	 -0.287279	 0.957847	 0.004000
-0.548576	 0.142098	 -0.241285	 0.210934	 -0.289778	 0.957094	 0.004000
-0.543025	 0.142549	 -0.245111	 0.209768	 -0.293559	 0.955941	 0.003999
-0.538402	 0.142821	 -0.248933	 0.208591	 -0.295157	 0.955449	 0.004001
-0.534991	 0.142179	 -0.252754	 0.207405	 -0.297563	 0.954702	 0.003999
-0.530659	 0.142330	 -0.256570	 0.206209	 -0.300282	 0.953851	 0.004000
-0.526142	 0.142687	 -0.260385	 0.205005	 -0.301945	 0.953325	 0.004001
-0.522448	 0.142316	 -0.264197	 0.203792	 -0.304504	 0.952511	 0.004000
-0.518802	 0.142230	 -0.268006	 0.202570	 -0.306762	 0.951786	 0.004000
-0.514663	 0.142550	 -0.271811	 0.201340	 -0.308040	 0.951373	 0.003999
-0.511170	 0.142220	 -0.275616	 0.200101	 -0.311125	 0.950369	 0.004002
-0.508207	 0.141807	 -0.279417	 0.198854	 -0.312550	 0.949901	 0.003999
-0.504275	 0.142085	 -0.283214	 0.197599	 -0.315027	 0.949083	 0.004000
-0.501317	 0.141629	 -0.287008	 0.196334	 -0.317502	 0.948257	 0.004000
-0.501317	 0.141629	 -0.290801	 0.195061	 -0.318926	 0.947780	 0.004001
-0.498938	 0.141063	 -0.294591	 0.193781	 -0.321248	 0.946995	 0.004000
-0.493870	 0.141687	 -0.298377	 0.192492	 -0.323122	 0.946357	 0.003998
-0.491760	 0.140783	 -0.302161	 0.191196	 -0.324612	 0.945847	 0.004002
-0.488856	 0.140506	 -0.305943	 0.189891	 -0.328278	 0.944581	 0.004000
-0.485267	 0.140812	 -0.309720	 0.188575	 -0.329771	 0.944061	 0.004000
-0.483201	 0.140249	 -0.313494	 0.187250	 -0.332532	 0.943092	 0.004000
-0.479737	 0.140530	 -0.317264	 0.185914	 -0.335735	 0.941957	 0.004000
-0.474655	 0.141515	 -0.321032	 0.184568	 -0.336922	 0.941533	 0.004001
-0.472761	 0.141009	 -0.324795	 0.183214	 -0.340357	 0.940296	 0.003999
-0.469051	 0.141593	 -0.328554	 0.181847	 -0.342947	 0.939355	 0.004001
-0.464642	 0.142471	 -0.332310	 0.180472	 -0.344813	 0.938671	 0.003999
-0.462935	 0.142036	 -0.336062	 0.179085	 -0.348519	 0.937302	 0.004000
-0.459790	 0.142464	 -0.339809	 0.177687	 -0.350219	 0.936668	 0.004000
-0.457182	 0.142547	 -0.343554	 0.176282	 -0.352739	 0.935722	 0.004000
-0.455854	 0.141998	 -0.347295	 0.174866	 -0.355257	 0.934769	 0.004000
-0.453563	 0.142109	 -0.351034	 0.173442	 -0.356432	 0.934321	 0.004001
-0.452220	 0.141695	 -0.354770	 0.172011	 -0.358812	 0.933410	 0.003999
-0.450126	 0.141800	 -0.358503	 0.170576	 -0.358946	 0.933358	 0.004001
-0.450126	 0.141800	 -0.362236	 0.169140	 -0.359113	 0.933294	 0.003999
-0.447942	 0.142067	 -0.365966	 0.167697	 -0.362193	 0.932103	 0.004001
-0.447228	 0.141726	 -0.369694	 0.166245	 -0.364051	 0.931379	 0.003999
-0.445188	 0.142171	 -0.373417	 0.164782	 -0.367206	 0.930139	 0.004000
-0.444729	 0.142026	 -0.377137	 0.163314	 -0.367292	 0.930106	 0.004000
-0.442762	 0.142811	 -0.380857	 0.161844	 -0.367423	 0.930054	 0.004001
-0.440630	 0.144111	 -0.384578	 0.160375	 -0.367206	 0.930139	 0.004000
-0.440390	 0.144109	 -0.388297	 0.158903	 -0.368846	 0.929491	 0.003999
-0.438912	 0.144839	 -0.392013	 0.157422	 -0.371477	 0.928442	 0.004000
-0.439215	 0.145288	 -0.395725	 0.155929	 -0.374707	 0.927143	 0.004000
-0.440019	 0.145048	 -0.399432	 0.154429	 -0.375740	 0.926725	 0.004000
-0.441053	 0.144745	 -0.403139	 0.152926	 -0.375525	 0.926812	 0.004000
-0.445523	 0.143613	 -0.406844	 0.151419	 -0.378321	 0.925674	 0.003999
-0.445218	 0.144040	 -0.410545	 0.149902	 -0.379995	 0.924988	 0.004000
-0.445540	 0.144710	 -0.414242	 0.148373	 -0.384154	 0.923269	 0.004001
-0.445540	 0.144710	 -0.417933	 0.146833	 -0.386089	 0.922462	 0.003999
-0.444627	 0.145590	 -0.421621	 0.145284	 -0.388392	 0.921494	 0.004001
-0.444207	 0.147406	 -0.425308	 0.143730	 -0.388269	 0.921546	 0.004000
-0.446690	 0.147542	 -0.428992	 0.142175	 -0.389599	 0.920985	 0.003999
-0.450650	 0.148413	 -0.432674	 0.140611	 -0.392410	 0.919790	 0.004001
-0.453640	 0.148378	 -0.436350	 0.139034	 -0.396000	 0.918250	 0.004000
-0.454670	 0.149221	 -0.440022	 0.137446	 -0.397839	 0.917455	 0.003999
-0.461874	 0.149440	 -0.443688	 0.135848	 -0.401658	 0.915790	 0.004001
-0.463242	 0.150009	 -0.447346	 0.134230	 -0.407066	 0.913399	 0.003999
-0.469813	 0.150312	 -0.450997	 0.132595	 -0.410448	 0.911884	 0.004001
-0.469625	 0.151061	 -0.454641	 0.130945	 -0.414726	 0.909947	 0.004000
-0.466630	 0.152838	 -0.458276	 0.129276	 -0.419597	 0.907710	 0.003999
-0.476018	 0.153164	 -0.461902	 0.127587	 -0.424677	 0.905345	 0.004001
-0.476018	 0.153164	 -0.465507	 0.125856	 -0.441102	 0.897457	 0.003999
-0.483635	 0.155068	 -0.469086	 0.124069	 -0.452206	 0.891913	 0.004000
-0.483831	 0.156849	 -0.472643	 0.122241	 -0.462250	 0.886750	 0.004000
-0.493235	 0.159295	 -0.476168	 0.120348	 -0.483626	 0.875275	 0.004001
-0.487376	 0.162019	 -0.479643	 0.118368	 -0.506605	 0.862178	 0.003999
-0.495833	 0.164077	 -0.483069	 0.116304	 -0.525519	 0.850782	 0.004000
-0.480448	 0.168255	 -0.486445	 0.114159	 -0.546771	 0.837282	 0.004000
-0.478779	 0.173532	 -0.489735	 0.111889	 -0.588781	 0.808293	 0.004000
-0.467474	 0.183614	 -0.492927	 0.109478	 -0.616706	 0.787194	 0.004000
-0.424165	 0.196814	 -0.496017	 0.106940	 -0.652252	 0.758002	 0.004000
-0.446672	 0.198100	 -0.498971	 0.104244	 -0.695263	 0.718755	 0.004001
-0.409986	 0.217100	 -0.501764	 0.101383	 -0.735216	 0.677833	 0.004000
-0.349727	 0.252478	 -0.504340	 0.098328	 -0.792410	 0.609989	 0.004000
-0.251966	 0.329784	 -0.506619	 0.095047	 -0.848265	 0.529572	 0.003999
-0.231104	 0.375071	 -0.508547	 0.091549	 -0.900682	 0.434479	 0.004000
-0.082990	 0.898210	 -0.509992	 0.087832	 -0.957622	 0.288029	 0.004000
0.072811	 0.928134	 -0.510721	 0.083923	 -0.997089	 0.076243	 0.004000
0.281248	 0.194908	 -0.510381	 0.079990	 -0.969201	 -0.246269	 0.004000
0.377706	 0.142024	 -0.508761	 0.076399	 -0.826275	 -0.563267	 0.004000
0.461243	 0.097374	 -0.506019	 0.073567	 -0.589721	 -0.807607	 0.004001
0.475105	 0.094504	 -0.502537	 0.071671	 -0.358379	 -0.933576	 0.004000
0.465408	 0.092792	 -0.498705	 0.070585	 -0.184923	 -0.982753	 0.003999
0.456662	 0.093458	 -0.494745	 0.070070	 -0.072615	 -0.997360	 0.004001
0.449016	 0.094090	 -0.490750	 0.069926	 0.000700	 -1.000000	 0.004000
0.444777	 0.094407	 -0.486752	 0.070022	 0.047319	 -0.998880	 0.004000
0.441344	 0.094579	 -0.482761	 0.070273	 0.078563	 -0.996909	 0.003999
0.440079	 0.094681	 -0.478778	 0.070644	 0.106455	 -0.994317	 0.004001
0.438385	 0.094869	 -0.474801	 0.071082	 0.112588	 -0.993642	 0.004000
0.436168	 0.095148	 -0.470827	 0.071533	 0.112937	 -0.993602	 0.004000
0.434552	 0.095389	 -0.466853	 0.071979	 0.110069	 -0.993924	 0.003999
0.431450	 0.095827	 -0.462874	 0.072395	 0.098093	 -0.995177	 0.004000
0.431450	 0.095827	 -0.458891	 0.072759	 0.083699	 -0.996491	 0.004000
0.428887	 0.096226	 -0.454903	 0.073070	 0.071993	 -0.997405	 0.004000
0.427152	 0.096545	 -0.450912	 0.073334	 0.060246	 -0.998184	 0.004000
0.426149	 0.096787	 -0.446917	 0.073536	 0.040283	 -0.999188	 0.003999
0.425631	 0.096979	 -0.442920	 0.073665	 0.024299	 -0.999705	 0.004000
0.425305	 0.097153	 -0.438920	 0.073731	 0.008650	 -0.999963	 0.004000
0.424986	 0.097332	 -0.434920	 0.073732	 -0.007800	 -0.999970	 0.004000
0.424672	 0.097513	 -0.430921	 0.073657	 -0.029952	 -0.999551	 0.004000
0.424518	 0.097674	 -0.426925	 0.073499	 -0.049002	 -0.998799	 0.004000
0.424698	 0.097791	 -0.422932	 0.073266	 -0.067697	 -0.997706	 0.004000
0.425195	 0.097865	 -0.418944	 0.072954	 -0.087986	 -0.996122	 0.004000
0.425721	 0.097932	 -0.414964	 0.072559	 -0.109622	 -0.993973	 0.004000
0.425767	 0.098062	 -0.410995	 0.072069	 -0.135136	 -0.990827	 0.004000
0.421933	 0.098724	 -0.407038	 0.071477	 -0.161196	 -0.986922	 0.004001
0.418820	 0.099292	 -0.403099	 0.070788	 -0.183355	 -0.983047	 0.003999
0.415501	 0.099895	 -0.399176	 0.070007	 -0.206896	 -0.978363	 0.004001
0.414786	 0.100108	 -0.395273	 0.069135	 -0.229324	 -0.973350	 0.004000
0.416537	 0.099968	 -0.391390	 0.068176	 -0.250140	 -0.968210	 0.004000
0.414599	 0.100262	 -0.387526	 0.067137	 -0.269435	 -0.963019	 0.004001
0.412825	 0.100649	 -0.383686	 0.066021	 -0.288220	 -0.957564	 0.003999
0.410093	 0.101175	 -0.379864	 0.064843	 -0.300759	 -0.953700	 0.004000
0.410032	 0.101283	 -0.376055	 0.063622	 -0.310086	 -0.950708	 0.004000
0.406315	 0.101990	 -0.372256	 0.062367	 -0.317480	 -0.948265	 0.004000
0.403145	 0.102611	 -0.368467	 0.061086	 -0.322947	 -0.946417	 0.004000
0.402373	 0.102828	 -0.364683	 0.059788	 -0.326082	 -0.945342	 0.004000
0.398173	 0.103668	 -0.360904	 0.058478	 -0.328903	 -0.944364	 0.004001
0.394993	 0.104331	 -0.357127	 0.057159	 -0.330562	 -0.943784	 0.004000
0.394523	 0.104499	 -0.353353	 0.055837	 -0.330384	 -0.943847	 0.004000
0.390078	 0.105455	 -0.349578	 0.054513	 -0.331530	 -0.943445	 0.004000
0.387364	 0.106071	 -0.345805	 0.053185	 -0.332510	 -0.943100	 0.004000
0.387376	 0.106146	 -0.342033	 0.051854	 -0.333110	 -0.942888	 0.004000
0.384009	 0.106934	 -0.338263	 0.050518	 -0.334657	 -0.942340	 0.004000
0.382864	 0.107249	 -0.334494	 0.049178	 -0.335335	 -0.942099	 0.004000
0.382864	 0.107249	 -0.330727	 0.047834	 -0.336701	 -0.941612	 0.004001
0.381887	 0.107566	 -0.326962	 0.046482	 -0.339144	 -0.940734	 0.004000
0.379825	 0.108114	 -0.323200	 0.045122	 -0.340954	 -0.940080	 0.004000
0.379135	 0.108357	 -0.319441	 0.043755	 -0.342837	 -0.939395	 0.004000
0.377220	 0.108923	 -0.315686	 0.042378	 -0.345533	 -0.938407	 0.003999
0.374952	 0.109553	 -0.311933	 0.040992	 -0.347367	 -0.937729	 0.004000
0.374668	 0.109729	 -0.308184	 0.039599	 -0.349413	 -0.936969	 0.004000
0.370917	 0.110794	 -0.304438	 0.038196	 -0.351611	 -0.936146	 0.004000
0.368154	 0.111597	 -0.300694	 0.036785	 -0.354152	 -0.935188	 0.004000
0.368196	 0.111713	 -0.296955	 0.035364	 -0.356450	 -0.934315	 0.004000
0.364449	 0.112854	 -0.293220	 0.033933	 -0.358858	 -0.933392	 0.004000
0.363071	 0.113361	 -0.289489	 0.032490	 -0.362601	 -0.931945	 0.003999
0.359544	 0.114499	 -0.285764	 0.031032	 -0.366279	 -0.930505	 0.004001
0.357437	 0.115216	 -0.282046	 0.029557	 -0.371434	 -0.928459	 0.003999
0.357437	 0.115216	 -0.278338	 0.028058	 -0.378234	 -0.925710	 0.004000
0.356859	 0.115531	 -0.274641	 0.026532	 -0.384800	 -0.923000	 0.004000
0.356213	 0.115843	 -0.270956	 0.024976	 -0.393162	 -0.919469	 0.004000
0.357240	 0.115678	 -0.267286	 0.023384	 -0.402625	 -0.915365	 0.003999
0.356422	 0.116100	 -0.263634	 0.021753	 -0.413076	 -0.910697	 0.004000
0.355652	 0.116475	 -0.260002	 0.020078	 -0.424431	 -0.905460	 0.004000
0.351829	 0.117823	 -0.256394	 0.018352	 -0.438672	 -0.898647	 0.003999
0.349352	 0.118754	 -0.252815	 0.016564	 -0.454915	 -0.890535	 0.004001
0.344859	 0.120292	 -0.249269	 0.014716	 -0.469459	 -0.882954	 0.003999
0.344859	 0.120292	 -0.245753	 0.012808	 -0.484526	 -0.874777	 0.004001
0.343786	 0.120783	 -0.242270	 0.010840	 -0.499192	 -0.866491	 0.004000
0.341526	 0.121458	 -0.238820	 0.008817	 -0.512499	 -0.858688	 0.003999
0.342081	 0.121343	 -0.235399	 0.006745	 -0.523617	 -0.851954	 0.004000
0.337474	 0.122824	 -0.232003	 0.004632	 -0.532762	 -0.846265	 0.004000
0.337474	 0.122824	 -0.228624	 0.002490	 -0.537959	 -0.842971	 0.004000
0.329891	 0.125489	 -0.225251	 0.000340	 -0.536976	 -0.843597	 0.004001
0.323296	 0.127824	 -0.221871	 -0.001798	 -0.532437	 -0.846470	 0.003999
0.320012	 0.129004	 -0.218473	 -0.003909	 -0.523175	 -0.852225	 0.004000
0.316810	 0.130076	 -0.215049	 -0.005977	 -0.510493	 -0.859882	 0.004001
0.314749	 0.130791	 -0.211591	 -0.007988	 -0.495235	 -0.868759	 0.004000
0.308790	 0.133296	 -0.208096	 -0.009933	 -0.476909	 -0.878953	 0.004000
0.304845	 0.135059	 -0.204560	 -0.011804	 -0.458517	 -0.888686	 0.004000
0.297701	 0.138562	 -0.200991	 -0.013608	 -0.443869	 -0.896092	 0.003998
0.295017	 0.140039	 -0.197396	 -0.015359	 -0.431426	 -0.902148	 0.004000
0.286443	 0.144598	 -0.193777	 -0.017064	 -0.421229	 -0.906954	 0.004000
0.286443	 0.144598	 -0.190141	 -0.018733	 -0.413076	 -0.910697	 0.004000
0.283504	 0.146285	 -0.186493	 -0.020375	 -0.407817	 -0.913064	 0.004001
0.280574	 0.148134	 -0.182839	 -0.022000	 -0.404878	 -0.914371	 0.003999
0.278913	 0.149238	 -0.179180	 -0.023617	 -0.403472	 -0.914992	 0.004000
0.279042	 0.149515	 -0.175520	 -0.025230	 -0.403304	 -0.915066	 0.004000
0.278105	 0.150303	 -0.171862	 -0.026847	 -0.404878	 -0.914371	 0.003999
0.278151	 0.150532	 -0.168206	 -0.028470	 -0.406693	 -0.913565	 0.004001
0.274322	 0.153350	 -0.164552	 -0.030100	 -0.408274	 -0.912859	 0.004000
0.272395	 0.154900	 -0.160903	 -0.031736	 -0.409876	 -0.912141	 0.004000
0.267507	 0.158573	 -0.157256	 -0.033380	 -0.411965	 -0.911200	 0.003999
0.265372	 0.160357	 -0.153611	 -0.035027	 -0.411653	 -0.911341	 0.004001
0.265372	 0.160357	 -0.149965	 -0.036673	 -0.411300	 -0.911500	 0.004000
0.260957	 0.163812	 -0.146318	 -0.038316	 -0.410074	 -0.912052	 0.004000
0.259531	 0.165095	 -0.142669	 -0.039953	 -0.408566	 -0.912729	 0.004000
0.259067	 0.165879	 -0.139016	 -0.041583	 -0.406681	 -0.913570	 0.004000
0.258322	 0.166740	 -0.135360	 -0.043206	 -0.404702	 -0.914449	 0.004000
0.259446	 0.166241	 -0.131700	 -0.044822	 -0.403191	 -0.915116	 0.004001
0.257327	 0.168404	 -0.128040	 -0.046435	 -0.403472	 -0.914992	 0.004000
0.255980	 0.169845	 -0.124380	 -0.048049	 -0.403283	 -0.915075	 0.004000
0.251755	 0.173858	 -0.120722	 -0.049665	 -0.404899	 -0.914361	 0.004000
0.249171	 0.176430	 -0.117066	 -0.051288	 -0.406493	 -0.913654	 0.003999
0.245671	 0.180032	 -0.113412	 -0.052917	 -0.408004	 -0.912980	 0.004001
0.243576	 0.182300	 -0.109763	 -0.054554	 -0.410635	 -0.911800	 0.003999
0.243576	 0.182300	 -0.106117	 -0.056197	 -0.410999	 -0.911636	 0.004001
0.241966	 0.184330	 -0.102471	 -0.057845	 -0.412609	 -0.910908	 0.004000
0.241125	 0.185500	 -0.098826	 -0.059492	 -0.411263	 -0.911517	 0.004000
0.241340	 0.185945	 -0.095179	 -0.061135	 -0.410111	 -0.912036	 0.003999
0.240835	 0.186856	 -0.091529	 -0.062772	 -0.408528	 -0.912746	 0.004000
0.241085	 0.187106	 -0.087876	 -0.064402	 -0.406466	 -0.913666	 0.004000
0.237610	 0.191187	 -0.084220	 -0.066024	 -0.404625	 -0.914483	 0.004000
0.235191	 0.194101	 -0.080562	 -0.067642	 -0.404187	 -0.914677	 0.004000
0.231536	 0.198645	 -0.076903	 -0.069257	 -0.403491	 -0.914984	 0.004001
0.229019	 0.201854	 -0.073243	 -0.070874	 -0.404625	 -0.914483	 0.004000
0.227347	 0.204241	 -0.069587	 -0.072495	 -0.406006	 -0.913870	 0.004000
0.226961	 0.204905	 -0.065933	 -0.074124	 -0.408294	 -0.912850	 0.004001
0.225383	 0.207214	 -0.062285	 -0.075764	 -0.411722	 -0.911309	 0.003999
0.225147	 0.208311	 -0.058643	 -0.077416	 -0.414439	 -0.910077	 0.004000
0.224602	 0.209492	 -0.055004	 -0.079078	 -0.416485	 -0.909143	 0.004000
0.225424	 0.209162	 -0.051370	 -0.080750	 -0.419675	 -0.907675	 0.004000
0.224019	 0.211676	 -0.047741	 -0.082432	 -0.421481	 -0.906837	 0.004000
0.223231	 0.213238	 -0.044115	 -0.084119	 -0.421948	 -0.906620	 0.004000
0.219481	 0.218670	 -0.040489	 -0.085808	 -0.422617	 -0.906308	 0.004000
0.217288	 0.222065	 -0.036864	 -0.087501	 -0.423529	 -0.905883	 0.004000
0.212762	 0.228798	 -0.033242	 -0.089197	 -0.424420	 -0.905465	 0.004000
0.210810	 0.232114	 -0.029621	 -0.090897	 -0.425797	 -0.904819	 0.004000
0.210810	 0.232114	 -0.026002	 -0.092600	 -0.425777	 -0.904828	 0.004000
0.207457	 0.237608	 -0.022384	 -0.094307	 -0.427597	 -0.903969	 0.004000
0.206888	 0.239086	 -0.018770	 -0.096021	 -0.429629	 -0.903006	 0.004000
0.206372	 0.240898	 -0.015159	 -0.097743	 -0.430981	 -0.902361	 0.004000
0.205817	 0.242426	 -0.011552	 -0.099470	 -0.432930	 -0.901428	 0.003999
0.204108	 0.246089	 -0.007949	 -0.101208	 -0.435665	 -0.900109	 0.004001
0.202027	 0.249975	 -0.004351	 -0.102955	 -0.437828	 -0.899059	 0.003999
0.200354	 0.253394	 -0.000757	 -0.104711	 -0.440175	 -0.897912	 0.004001
0.195136	 0.262848	 0.002834	 -0.106474	 -0.441723	 -0.897152	 0.004000
0.195136	 0.262848	 0.006422	 -0.108243	 -0.442536	 -0.896751	 0.004000
0.192092	 0.269125	 0.010009	 -0.110013	 -0.442494	 -0.896771	 0.004000
0.190366	 0.272912	 0.013597	 -0.111781	 -0.441273	 -0.897373	 0.004000
0.189485	 0.275757	 0.017187	 -0.113544	 -0.440511	 -0.897747	 0.004000
0.188388	 0.278587	 0.020780	 -0.115302	 -0.438433	 -0.898764	 0.004001
0.186902	 0.282709	 0.024377	 -0.117052	 -0.436319	 -0.899792	 0.003999
0.185216	 0.286802	 0.027977	 -0.118795	 -0.435708	 -0.900088	 0.004000
0.183986	 0.290200	 0.031577	 -0.120538	 -0.435554	 -0.900162	 0.004000
0.179007	 0.301501	 0.035177	 -0.122282	 -0.436191	 -0.899854	 0.004001
0.177389	 0.306014	 0.038776	 -0.124028	 -0.437295	 -0.899318	 0.004000
0.175552	 0.310290	 0.042371	 -0.125781	 -0.438965	 -0.898504	 0.004000
0.172790	 0.317339	 0.045964	 -0.127540	 -0.440260	 -0.897870	 0.004000
0.171214	 0.322551	 0.049554	 -0.129304	 -0.441765	 -0.897131	 0.004000
0.169244	 0.328188	 0.053143	 -0.131070	 -0.441524	 -0.897249	 0.004000
0.168906	 0.330192	 0.056732	 -0.132835	 -0.441234	 -0.897392	 0.004000
0.166373	 0.338094	 0.060323	 -0.134598	 -0.440019	 -0.897989	 0.004000
0.165372	 0.341899	 0.063917	 -0.136354	 -0.438182	 -0.898886	 0.004001
0.161479	 0.353768	 0.067515	 -0.138102	 -0.435594	 -0.900143	 0.003999
0.159832	 0.359586	 0.071117	 -0.139841	 -0.433956	 -0.900934	 0.004000
0.155184	 0.374442	 0.074723	 -0.141572	 -0.431718	 -0.902009	 0.004000
0.154582	 0.377830	 0.078332	 -0.143298	 -0.431224	 -0.902245	 0.004000
0.151835	 0.386550	 0.081941	 -0.145023	 -0.430981	 -0.902361	 0.004000
0.148253	 0.399175	 0.085550	 -0.146747	 -0.431360	 -0.902180	 0.003999
0.147028	 0.404765	 0.089156	 -0.148476	 -0.432978	 -0.901404	 0.004000
0.145042	 0.413881	 0.092761	 -0.150210	 -0.434198	 -0.900817	 0.004000
0.144216	 0.418448	 0.096364	 -0.151949	 -0.435061	 -0.900401	 0.003999
0.141826	 0.429571	 0.099964	 -0.153692	 -0.436404	 -0.899751	 0.004001
0.139438	 0.440139	 0.103565	 -0.155435	 -0.434973	 -0.900444	 0.004000
0.135043	 0.459881	 0.107169	 -0.157170	 -0.432349	 -0.901706	 0.003999
0.131937	 0.474661	 0.110780	 -0.158889	 -0.427506	 -0.904013	 0.004000
0.128508	 0.491540	 0.114402	 -0.160585	 -0.420722	 -0.907190	 0.004000
0.128275	 0.493616	 0.118039	 -0.162250	 -0.411768	 -0.911289	 0.004000
0.126059	 0.506004	 0.121695	 -0.163874	 -0.400216	 -0.916421	 0.004000
0.125191	 0.513585	 0.125373	 -0.165447	 -0.386212	 -0.922410	 0.004000
0.124072	 0.521403	 0.129077	 -0.166956	 -0.367895	 -0.929867	 0.003998
0.124509	 0.521863	 0.132808	 -0.168397	 -0.352657	 -0.935753	 0.004001
0.124104	 0.527713	 0.136564	 -0.169774	 -0.336035	 -0.941849	 0.004000
0.122773	 0.536921	 0.140342	 -0.171088	 -0.321172	 -0.947021	 0.004001
0.123551	 0.535743	 0.144138	 -0.172350	 -0.309544	 -0.950885	 0.003999
0.123335	 0.540678	 0.147946	 -0.173569	 -0.299827	 -0.953994	 0.003999
0.122332	 0.548347	 0.151764	 -0.174761	 -0.296439	 -0.955052	 0.004001
0.123217	 0.546405	 0.155583	 -0.175953	 -0.299528	 -0.954088	 0.004000
0.124316	 0.544670	 0.159393	 -0.177170	 -0.308945	 -0.951080	 0.004001
0.123877	 0.549447	 0.163189	 -0.178433	 -0.322521	 -0.946562	 0.004000
0.124237	 0.550176	 0.166963	 -0.179757	 -0.339755	 -0.940514	 0.004000
0.124497	 0.552648	 0.170711	 -0.181154	 -0.358728	 -0.933442	 0.004000
0.124163	 0.556931	 0.174428	 -0.182630	 -0.378837	 -0.925463	 0.003999
0.124655	 0.556947	 0.178113	 -0.184185	 -0.398680	 -0.917090	 0.004001
0.125253	 0.555387	 0.181766	 -0.185816	 -0.416758	 -0.909017	 0.004000
0.125781	 0.555386	 0.185389	 -0.187510	 -0.430438	 -0.902620	 0.004001
0.127366	 0.551959	 0.188990	 -0.189253	 -0.441102	 -0.897457	 0.003999
0.127988	 0.551750	 0.192570	 -0.191035	 -0.450211	 -0.892922	 0.004000
0.129614	 0.546986	 0.196134	 -0.192852	 -0.458178	 -0.888860	 0.004001
0.126866	 0.565442	 0.199684	 -0.194697	 -0.464231	 -0.885714	 0.004000
0.125327	 0.576655	 0.203219	 -0.196566	 -0.470368	 -0.882471	 0.003999
0.123761	 0.586560	 0.206743	 -0.198459	 -0.475977	 -0.879458	 0.004000
0.121889	 0.600157	 0.210257	 -0.200370	 -0.479518	 -0.877532	 0.004000
0.120471	 0.613446	 0.213762	 -0.202297	 -0.484029	 -0.875052	 0.004000
0.120788	 0.614999	 0.217259	 -0.204240	 -0.487340	 -0.873213	 0.004001
0.120777	 0.621009	 0.220749	 -0.206196	 -0.490582	 -0.871395	 0.003999
0.121075	 0.623102	 0.224230	 -0.208164	 -0.493498	 -0.869747	 0.004000
0.117220	 0.652385	 0.227708	 -0.210141	 -0.495250	 -0.868750	 0.004000
0.114465	 0.674086	 0.231179	 -0.212129	 -0.498748	 -0.866747	 0.004000
0.112627	 0.688517	 0.234643	 -0.214128	 -0.500790	 -0.865569	 0.004000
0.110029	 0.710818	 0.238103	 -0.216135	 -0.502534	 -0.864558	 0.004000
0.108504	 0.728827	 0.241559	 -0.218148	 -0.504166	 -0.863607	 0.004001
0.108591	 0.732519	 0.245012	 -0.220169	 -0.506015	 -0.862525	 0.004000
0.107221	 0.750548	 0.248461	 -0.222195	 -0.506976	 -0.861960	 0.004000
0.106324	 0.762447	 0.251906	 -0.224227	 -0.509117	 -0.860697	 0.003999
0.100303	 0.821029	 0.255348	 -0.226265	 -0.509857	 -0.860259	 0.004001
0.100303	 0.821029	 0.258788	 -0.228306	 -0.510556	 -0.859844	 0.004000
0.095600	 0.873529	 0.262227	 -0.230349	 -0.510851	 -0.859669	 0.003999
0.093997	 0.894946	 0.265665	 -0.232394	 -0.511589	 -0.859230	 0.004001
0.092931	 0.915417	 0.269102	 -0.234441	 -0.511994	 -0.858989	 0.004000
0.093372	 0.916301	 0.272537	 -0.236489	 -0.512104	 -0.858924	 0.003999
0.089770	 0.966239	 0.275971	 -0.238542	 -0.514202	 -0.857669	 0.004000
0.087051	 1.005135	 0.279399	 -0.240602	 -0.516039	 -0.856565	 0.004000
0.084536	 1.040975	 0.282822	 -0.242671	 -0.518424	 -0.855124	 0.004001
0.081570	 1.087921	 0.286239	 -0.244751	 -0.521612	 -0.853183	 0.003999
0.079261	 1.132934	 0.289645	 -0.246847	 -0.526759	 -0.850015	 0.004000
0.079864	 1.129820	 0.293038	 -0.248968	 -0.533118	 -0.846041	 0.004001
0.078142	 1.169133	 0.296412	 -0.251115	 -0.540543	 -0.841317	 0.004000
0.076794	 1.198122	 0.299762	 -0.253302	 -0.552968	 -0.833202	 0.004000
0.073802	 1.255812	 0.303076	 -0.255541	 -0.566242	 -0.824239	 0.004000
0.070336	 1.328875	 0.306351	 -0.257837	 -0.582089	 -0.813125	 0.003999
0.068453	 1.382268	 0.309578	 -0.260199	 -0.599000	 -0.800749	 0.004000
0.066959	 1.431875	 0.312754	 -0.262632	 -0.617137	 -0.786856	 0.004001
0.066959	 1.431875	 0.315868	 -0.265141	 -0.637598	 -0.770369	 0.003999
0.061590	 1.583833	 0.318913	 -0.267734	 -0.659212	 -0.751957	 0.004000
0.057617	 1.707851	 0.321879	 -0.270417	 -0.682185	 -0.731180	 0.004000
0.054970	 1.809279	 0.324773	 -0.273179	 -0.698555	 -0.715556	 0.004000
0.046821	 2.172183	 0.327601	 -0.276006	 -0.715434	 -0.698680	 0.003999
0.041276	 2.490763	 0.330363	 -0.278900	 -0.731296	 -0.682060	 0.004001
0.036096	 2.891308	 0.333059	 -0.281855	 -0.746097	 -0.665837	 0.003999
0.024970	 4.301661	 0.335687	 -0.284869	 -0.761230	 -0.648483	 0.004000
0.005776	 19.293851	 0.338257	 -0.287934	 -0.771266	 -0.636513	 0.004000
0.005776	 19.293851	 0.340780	 -0.291038	 -0.780454	 -0.625213	 0.004000
-0.015387	 7.546642	 0.343260	 -0.294177	 -0.788827	 -0.614615	 0.004001
-0.030930	 3.861327	 0.345698	 -0.297348	 -0.796808	 -0.604233	 0.003998
-0.060199	 2.091212	 0.348094	 -0.300551	 -0.804773	 -0.593583	 0.004001
-0.074289	 1.736798	 0.350450	 -0.303783	 -0.811345	 -0.584568	 0.004000
-0.100586	 1.335224	 0.352773	 -0.307040	 -0.816947	 -0.576713	 0.004000
-0.148371	 0.976700	 0.355073	 -0.310312	 -0.819338	 -0.573311	 0.004000
-0.179304	 0.846381	 0.357360	 -0.313593	 -0.821282	 -0.570522	 0.004000
-0.244636	 0.683882	 0.359642	 -0.316879	 -0.821165	 -0.570691	 0.004000
-0.244636	 0.683882	 0.361931	 -0.320159	 -0.819138	 -0.573597	 0.003999
-0.333496	 0.565390	 0.364246	 -0.323421	 -0.811838	 -0.583883	 0.004001
-0.446018	 0.486618	 0.366629	 -0.326634	 -0.794507	 -0.607255	 0.004000
-0.491222	 0.466305	 0.369112	 -0.329769	 -0.772731	 -0.634734	 0.004000
-0.618748	 0.430079	 0.371734	 -0.332788	 -0.736947	 -0.675951	 0.004000
-0.741312	 0.408556	 0.374563	 -0.335611	 -0.674376	 -0.738388	 0.003999
-0.834473	 0.401083	 0.377690	 -0.338088	 -0.564469	 -0.825454	 0.004000
-0.957487	 0.401920	 0.381201	 -0.339952	 -0.367508	 -0.930020	 0.004000
-0.980526	 0.420893	 0.385057	 -0.340801	 -0.057007	 -0.998374	 0.004000
-0.990556	 0.443887	 0.388937	 -0.340242	 0.336479	 -0.941691	 0.004000
-0.940305	 0.446370	 0.392342	 -0.338270	 0.649432	 -0.760420	 0.004000
-0.928162	 0.445376	 0.395051	 -0.335363	 0.804389	 -0.594103	 0.003999
-0.921049	 0.444373	 0.397120	 -0.331958	 0.897851	 -0.440300	 0.004000
-0.918144	 0.444843	 0.398644	 -0.328269	 0.946767	 -0.321921	 0.004001
-0.916226	 0.445124	 0.399765	 -0.324433	 0.971134	 -0.238533	 0.003999
-0.916715	 0.443738	 0.400544	 -0.320514	 0.988533	 -0.151005	 0.004000
-0.920990	 0.443726	 0.400998	 -0.316543	 0.997128	 -0.075741	 0.004000
-0.923864	 0.443427	 0.401201	 -0.312549	 0.999655	 -0.026248	 0.004000
-0.926799	 0.443097	 0.401217	 -0.308550	 0.999829	 0.018501	 0.004000
-0.929752	 0.442746	 0.401064	 -0.304554	 0.998302	 0.058253	 0.004000
-0.932848	 0.442254	 0.400751	 -0.300567	 0.995163	 0.098241	 0.004000
-0.936223	 0.441469	 0.400286	 -0.296594	 0.990948	 0.134243	 0.004000
-0.940865	 0.439524	 0.399699	 -0.292637	 0.987317	 0.158761	 0.004000
-0.945097	 0.437140	 0.399023	 -0.288695	 0.983714	 0.179743	 0.004000
-0.949464	 0.434872	 0.398242	 -0.284773	 0.977590	 0.210519	 0.004000
-0.953975	 0.433124	 0.397377	 -0.280868	 0.974990	 0.222248	 0.004000
-0.958829	 0.431328	 0.396465	 -0.276973	 0.972351	 0.233524	 0.004000
-0.964818	 0.426894	 0.395483	 -0.273096	 0.966293	 0.257445	 0.004001
-0.969762	 0.424305	 0.394444	 -0.269233	 0.965063	 0.262017	 0.004000
-0.974797	 0.422709	 0.393385	 -0.265375	 0.963636	 0.267218	 0.004000
-0.980275	 0.419336	 0.392299	 -0.261526	 0.961146	 0.276042	 0.003999
-0.985269	 0.416675	 0.391186	 -0.257684	 0.959913	 0.280298	 0.003999
-0.989932	 0.415121	 0.390054	 -0.253848	 0.958252	 0.285926	 0.004001
-0.994034	 0.414189	 0.388902	 -0.250017	 0.957094	 0.289778	 0.004000
-0.995845	 0.410013	 0.387740	 -0.246190	 0.956565	 0.291520	 0.004000
-0.999497	 0.408178	 0.386567	 -0.242366	 0.955519	 0.294929	 0.004001
-1.002723	 0.407131	 0.385387	 -0.238543	 0.955568	 0.294771	 0.004000
-1.002564	 0.402870	 0.384208	 -0.234721	 0.955568	 0.294771	 0.004000
-1.003253	 0.399646	 0.383030	 -0.230899	 0.955568	 0.294771	 0.004000
-1.003620	 0.397452	 0.381846	 -0.227079	 0.954795	 0.297264	 0.004000
-1.003214	 0.394614	 0.380652	 -0.223261	 0.954088	 0.299528	 0.004000
-0.997475	 0.387449	 0.379446	 -0.219447	 0.952847	 0.303451	 0.004001
-0.994901	 0.383944	 0.378231	 -0.215636	 0.952752	 0.303751	 0.004000
-0.991578	 0.380076	 0.377017	 -0.211824	 0.952824	 0.303524	 0.004000
-0.982265	 0.372135	 0.375796	 -0.208015	 0.951713	 0.306988	 0.004000
-0.976961	 0.367818	 0.374566	 -0.204209	 0.951373	 0.308040	 0.003999
-0.970937	 0.363586	 0.373333	 -0.200404	 0.951324	 0.308193	 0.004001
-0.958756	 0.356203	 0.372096	 -0.196600	 0.950566	 0.310522	 0.004000
-0.950963	 0.352082	 0.370850	 -0.192799	 0.949926	 0.312476	 0.004000
-0.942568	 0.348420	 0.369592	 -0.189002	 0.948583	 0.316528	 0.004000
-0.937452	 0.347118	 0.368322	 -0.185208	 0.947956	 0.318401	 0.004001
-0.928502	 0.342656	 0.367043	 -0.181418	 0.947147	 0.320800	 0.003999
-0.919569	 0.339652	 0.365761	 -0.177629	 0.947173	 0.320724	 0.004000
-0.904836	 0.336686	 0.364474	 -0.173843	 0.946536	 0.322598	 0.003999
-0.894170	 0.334014	 0.363171	 -0.170061	 0.944244	 0.329248	 0.004000
-0.883915	 0.332513	 0.361854	 -0.166284	 0.944348	 0.328947	 0.004001
-0.868437	 0.331289	 0.360538	 -0.162506	 0.944244	 0.329248	 0.004000
-0.858860	 0.329683	 0.359210	 -0.158733	 0.942301	 0.334768	 0.004000
-0.848644	 0.329511	 0.357869	 -0.154965	 0.942036	 0.335513	 0.004000
-0.833492	 0.329587	 0.356524	 -0.151197	 0.941533	 0.336922	 0.004001
-0.823932	 0.329052	 0.355172	 -0.147433	 0.940753	 0.339091	 0.003999
-0.814050	 0.329452	 0.353814	 -0.143670	 0.940463	 0.339896	 0.004001
-0.799939	 0.329854	 0.352450	 -0.139910	 0.939677	 0.342064	 0.003999
-0.791279	 0.329680	 0.351081	 -0.136152	 0.939435	 0.342726	 0.004000
-0.782323	 0.330195	 0.349708	 -0.132395	 0.939135	 0.343549	 0.003999
-0.769986	 0.330437	 0.348330	 -0.128640	 0.938509	 0.345253	 0.004000
-0.762195	 0.330573	 0.346949	 -0.124886	 0.938428	 0.345474	 0.004000
-0.754091	 0.331133	 0.345562	 -0.121134	 0.937577	 0.347778	 0.004000
-0.743139	 0.331386	 0.344170	 -0.117384	 0.937332	 0.348438	 0.004001
-0.743139	 0.331386	 0.342773	 -0.113636	 0.936832	 0.349780	 0.004000
-0.735468	 0.331847	 0.341369	 -0.109891	 0.935887	 0.352301	 0.003999
-0.724493	 0.332676	 0.339958	 -0.106148	 0.935360	 0.353697	 0.004001
-0.718074	 0.332280	 0.338538	 -0.102408	 0.934571	 0.355777	 0.004000
-0.711080	 0.332629	 0.337110	 -0.098672	 0.933536	 0.358485	 0.004000
-0.701816	 0.332622	 0.335673	 -0.094939	 0.932862	 0.360235	 0.004000
-0.695140	 0.332640	 0.334224	 -0.091210	 0.931392	 0.364017	 0.004000
-0.688600	 0.332260	 0.332766	 -0.087486	 0.930902	 0.365270	 0.004000
-0.680149	 0.331307	 0.331299	 -0.083765	 0.929720	 0.368268	 0.004000
-0.674221	 0.330652	 0.329820	 -0.080049	 0.928522	 0.371279	 0.004000
-0.666487	 0.328971	 0.328330	 -0.076336	 0.927747	 0.373209	 0.004000
-0.662322	 0.327202	 0.326831	 -0.072627	 0.926537	 0.376204	 0.004000
-0.657849	 0.326108	 0.325321	 -0.068923	 0.925284	 0.379274	 0.004000
-0.652170	 0.324109	 0.323800	 -0.065224	 0.924476	 0.381240	 0.004000
-0.647326	 0.323457	 0.322268	 -0.061529	 0.923132	 0.384482	 0.004000
-0.640102	 0.322645	 0.320727	 -0.057837	 0.922402	 0.386230	 0.004000
-0.640102	 0.322645	 0.319178	 -0.054150	 0.921531	 0.388305	 0.003999
-0.636137	 0.320398	 0.317616	 -0.050467	 0.919763	 0.392474	 0.004000
-0.629790	 0.318764	 0.316042	 -0.046790	 0.918877	 0.394544	 0.004000
-0.627086	 0.315560	 0.314458	 -0.043117	 0.917614	 0.397473	 0.004000
-0.623913	 0.313479	 0.312862	 -0.039449	 0.916197	 0.400727	 0.004000
-0.619822	 0.310120	 0.311254	 -0.035786	 0.915292	 0.402791	 0.004000
-0.616914	 0.307883	 0.309636	 -0.032129	 0.913647	 0.406510	 0.004000
-0.613360	 0.304142	 0.308005	 -0.028476	 0.912439	 0.409212	 0.004000
-0.611146	 0.301490	 0.306364	 -0.024828	 0.911502	 0.411296	 0.004000
-0.607907	 0.298037	 0.304710	 -0.021186	 0.909629	 0.415422	 0.004001
-0.606096	 0.295096	 0.303044	 -0.017549	 0.908668	 0.417520	 0.004000
-0.603705	 0.292819	 0.301370	 -0.013916	 0.907763	 0.419483	 0.004000
-0.602306	 0.292603	 0.299685	 -0.010289	 0.906012	 0.423252	 0.004000
-0.601140	 0.288490	 0.297986	 -0.006668	 0.904581	 0.426301	 0.004000
-0.598272	 0.285456	 0.296275	 -0.003052	 0.903322	 0.428964	 0.004000
-0.597096	 0.281922	 0.294550	 0.000557	 0.901273	 0.433252	 0.004000
-0.594730	 0.278297	 0.292810	 0.004159	 0.899544	 0.436830	 0.003999
-0.594100	 0.274421	 0.291057	 0.007754	 0.898133	 0.439724	 0.004000
-0.593159	 0.271254	 0.289290	 0.011342	 0.896054	 0.443945	 0.004000
-0.592221	 0.266392	 0.287508	 0.014924	 0.894527	 0.447014	 0.004000
-0.591453	 0.263404	 0.285713	 0.018498	 0.892897	 0.450261	 0.004000
-0.590551	 0.258992	 0.283903	 0.022065	 0.890615	 0.454758	 0.004000
-0.589429	 0.256610	 0.282077	 0.025624	 0.888727	 0.458437	 0.004001
-0.588995	 0.255721	 0.280237	 0.029176	 0.887148	 0.461486	 0.004000
-0.587883	 0.253067	 0.278381	 0.032720	 0.884511	 0.466519	 0.004000
-0.586089	 0.249847	 0.276507	 0.036253	 0.882367	 0.470562	 0.003999
-0.585593	 0.246631	 0.274619	 0.039779	 0.880773	 0.473539	 0.004000
-0.584732	 0.242560	 0.272715	 0.043297	 0.878119	 0.478442	 0.004000
-0.584487	 0.239481	 0.270791	 0.046804	 0.875357	 0.483476	 0.004000
-0.583539	 0.236043	 0.268849	 0.050302	 0.873295	 0.487192	 0.004000
-0.582598	 0.233956	 0.266892	 0.053790	 0.870942	 0.491386	 0.003999
-0.580539	 0.232023	 0.264915	 0.057266	 0.867479	 0.497474	 0.004000
-0.580539	 0.232023	 0.262918	 0.060733	 0.865632	 0.500682	 0.004001
-0.578159	 0.230283	 0.260908	 0.064191	 0.863499	 0.504351	 0.003999
-0.577514	 0.228053	 0.258879	 0.067637	 0.859767	 0.510686	 0.004001
-0.576274	 0.225423	 0.256826	 0.071071	 0.856742	 0.515745	 0.004000
-0.575712	 0.223541	 0.254754	 0.074493	 0.854196	 0.519952	 0.004000
-0.573905	 0.222068	 0.252664	 0.077904	 0.851248	 0.524764	 0.004000
-0.572152	 0.221745	 0.250551	 0.081300	 0.846901	 0.531751	 0.004000
-0.569173	 0.221834	 0.248414	 0.084681	 0.843708	 0.536803	 0.004000
-0.569173	 0.221834	 0.246256	 0.088049	 0.840256	 0.542189	 0.004000
-0.566858	 0.221341	 0.244072	 0.091400	 0.835267	 0.549844	 0.003999
-0.566138	 0.220284	 0.241857	 0.094730	 0.829914	 0.557892	 0.004001
-0.564226	 0.219861	 0.239613	 0.098042	 0.825743	 0.564046	 0.004000
-0.560932	 0.221275	 0.237345	 0.101336	 0.821464	 0.570260	 0.004000
-0.559126	 0.221988	 0.235045	 0.104609	 0.814982	 0.579487	 0.004000
-0.556939	 0.223770	 0.232712	 0.107858	 0.809557	 0.587041	 0.004000
-0.556622	 0.222958	 0.230350	 0.111086	 0.804477	 0.593983	 0.004000
-0.554961	 0.223265	 0.227961	 0.114293	 0.799369	 0.600840	 0.003999
-0.552551	 0.224793	 0.225538	 0.117476	 0.792224	 0.610230	 0.004000
-0.551082	 0.225900	 0.223082	 0.120634	 0.786422	 0.617689	 0.004000
-0.549407	 0.227036	 0.220598	 0.123769	 0.781137	 0.624360	 0.003999
-0.550304	 0.225612	 0.218087	 0.126882	 0.775425	 0.631439	 0.004000
-0.548610	 0.227377	 0.215544	 0.129970	 0.768324	 0.640061	 0.004000
-0.546722	 0.229317	 0.212964	 0.133026	 0.760068	 0.649844	 0.004001
-0.546717	 0.229165	 0.210349	 0.136054	 0.753598	 0.657336	 0.003999
-0.546717	 0.229165	 0.207705	 0.139054	 0.746678	 0.665186	 0.004000
-0.546974	 0.228868	 0.205028	 0.142028	 0.739691	 0.672946	 0.004000
-0.546629	 0.229507	 0.202317	 0.144969	 0.730698	 0.682701	 0.004000
-0.547195	 0.229035	 0.199570	 0.147876	 0.723049	 0.690797	 0.004000
-0.547138	 0.229260	 0.196794	 0.150755	 0.716790	 0.697289	 0.004000
-0.549376	 0.226968	 0.193993	 0.153611	 0.711096	 0.703095	 0.003999
-0.548857	 0.227951	 0.191171	 0.156445	 0.705981	 0.708231	 0.004000
-0.549688	 0.227572	 0.188328	 0.159259	 0.700956	 0.713205	 0.004000
-0.550922	 0.226356	 0.185469	 0.162057	 0.698049	 0.716050	 0.004000
-0.550522	 0.227580	 0.182600	 0.164845	 0.695896	 0.718143	 0.004001
-0.551124	 0.227262	 0.179725	 0.167625	 0.694112	 0.719867	 0.003999
-0.551374	 0.227338	 0.176841	 0.170397	 0.691949	 0.721947	 0.004000
-0.552780	 0.226417	 0.173950	 0.173161	 0.690285	 0.723537	 0.004000
-0.552760	 0.227292	 0.171048	 0.175915	 0.686183	 0.727429	 0.004000
-0.552760	 0.227292	 0.168128	 0.178648	 0.680758	 0.732508	 0.004000
-0.553380	 0.227406	 0.165186	 0.181359	 0.674252	 0.738502	 0.004000
-0.554212	 0.227270	 0.162217	 0.184040	 0.666115	 0.745849	 0.004001
-0.554215	 0.228196	 0.159214	 0.186682	 0.655064	 0.755574	 0.004000
-0.554215	 0.228196	 0.156164	 0.189269	 0.638289	 0.769797	 0.004000
-0.554782	 0.228463	 0.153057	 0.191787	 0.621029	 0.783787	 0.004000
-0.555852	 0.228115	 0.149891	 0.194231	 0.601120	 0.799159	 0.003999
-0.556335	 0.228140	 0.146664	 0.196593	 0.579937	 0.814661	 0.004000
-0.556338	 0.229205	 0.143373	 0.198868	 0.557466	 0.830200	 0.004000
-0.556194	 0.230110	 0.140024	 0.201053	 0.535046	 0.844823	 0.004000
-0.557367	 0.229821	 0.136618	 0.203149	 0.513245	 0.858242	 0.004000
-0.557367	 0.229821	 0.133157	 0.205155	 0.489691	 0.871896	 0.004000
-0.559078	 0.228881	 0.129652	 0.207082	 0.473518	 0.880784	 0.004000
-0.559659	 0.229006	 0.126113	 0.208948	 0.459471	 0.888193	 0.004000
-0.561134	 0.228464	 0.122549	 0.210763	 0.447814	 0.894127	 0.003999
-0.561602	 0.228862	 0.118964	 0.212537	 0.439398	 0.898292	 0.004001
-0.562780	 0.228832	 0.115362	 0.214277	 0.430438	 0.902620	 0.004001
-0.563363	 0.229283	 0.112482	 0.215650	 0.430162	 0.902752	 0.002380
