-0.661734	 0.211273	 0.109597	 0.217012	 0.425183	 0.905107	 0.004001
-0.661734	 0.211273	 0.105974	 0.218709	 0.422844	 0.906202	 0.003999
-0.664477	 0.210542	 0.102347	 0.220394	 0.420215	 0.907425	 0.004000
-0.667459	 0.209999	 0.098715	 0.222071	 0.417736	 0.908569	 0.004000
-0.670057	 0.209596	 0.095077	 0.223735	 0.414236	 0.910169	 0.004000
-0.672835	 0.209495	 0.091433	 0.225382	 0.409569	 0.912279	 0.003999
-0.675657	 0.209138	 0.087778	 0.227009	 0.403929	 0.914790	 0.004001
-0.677921	 0.209452	 0.084113	 0.228610	 0.396760	 0.917923	 0.004000
-0.681956	 0.208434	 0.080433	 0.230179	 0.387277	 0.921964	 0.004000
-0.685681	 0.207628	 0.076736	 0.231705	 0.375963	 0.926635	 0.004000
-0.689873	 0.206533	 0.073016	 0.233174	 0.358535	 0.933516	 0.004000
-0.694098	 0.205395	 0.069267	 0.234570	 0.339494	 0.940608	 0.004000
-0.697742	 0.204757	 0.065490	 0.235886	 0.318229	 0.948014	 0.004000
-0.702031	 0.203447	 0.061684	 0.237113	 0.295547	 0.955328	 0.003999
-0.706883	 0.201792	 0.057848	 0.238246	 0.270975	 0.962586	 0.004000
-0.711286	 0.200400	 0.053983	 0.239278	 0.244759	 0.969584	 0.004000
-0.714131	 0.200311	 0.050092	 0.240204	 0.218227	 0.975898	 0.004000
-0.717742	 0.198955	 0.046177	 0.241019	 0.189751	 0.981832	 0.004000
-0.722304	 0.197168	 0.042242	 0.241737	 0.168781	 0.985654	 0.003999
-0.727033	 0.195099	 0.038294	 0.242376	 0.151216	 0.988501	 0.004001
-0.730754	 0.193755	 0.034335	 0.242951	 0.136270	 0.990672	 0.003999
-0.733567	 0.193168	 0.030369	 0.243472	 0.123736	 0.992315	 0.004000
-0.736144	 0.192837	 0.026397	 0.243947	 0.113751	 0.993509	 0.004000
-0.738969	 0.191926	 0.022422	 0.244388	 0.107006	 0.994258	 0.004000
-0.742302	 0.191047	 0.018444	 0.244809	 0.103261	 0.994654	 0.004000
-0.745977	 0.189881	 0.014465	 0.245215	 0.099749	 0.995013	 0.004000
-0.750085	 0.188345	 0.010485	 0.245608	 0.097001	 0.995284	 0.004000
-0.754602	 0.186461	 0.006503	 0.245990	 0.093983	 0.995574	 0.004001
-0.759074	 0.184590	 0.002520	 0.246360	 0.091017	 0.995849	 0.003999
-0.762927	 0.183178	 -0.001464	 0.246714	 0.085988	 0.996296	 0.004001
-0.766131	 0.182228	 -0.005451	 0.247047	 0.080255	 0.996774	 0.004000
-0.768995	 0.181487	 -0.009438	 0.247355	 0.074004	 0.997258	 0.004000
-0.771722	 0.180780	 -0.013429	 0.247634	 0.065746	 0.997836	 0.004000
-0.774383	 0.180010	 -0.017421	 0.247874	 0.054253	 0.998527	 0.004000
-0.775723	 0.179068	 -0.021416	 0.248069	 0.043251	 0.999064	 0.004000
-0.778145	 0.178141	 -0.025414	 0.248223	 0.033246	 0.999447	 0.004001
-0.780370	 0.177162	 -0.029412	 0.248333	 0.022251	 0.999752	 0.004000
-0.782332	 0.176151	 -0.033412	 0.248399	 0.010750	 0.999942	 0.004000
-0.783976	 0.175138	 -0.037412	 0.248415	 -0.003000	 0.999995	 0.004000
-0.785304	 0.174143	 -0.041411	 0.248385	 -0.011999	 0.999928	 0.004000
-0.786337	 0.173178	 -0.045411	 0.248318	 -0.021253	 0.999774	 0.004000
-0.787082	 0.172242	 -0.049409	 0.248217	 -0.029497	 0.999565	 0.004000
-0.787549	 0.171322	 -0.053407	 0.248074	 -0.041747	 0.999128	 0.004000
-0.789119	 0.170439	 -0.057403	 0.247892	 -0.049500	 0.998774	 0.004000
-0.789216	 0.169503	 -0.061397	 0.247677	 -0.057758	 0.998331	 0.003999
-0.789192	 0.167173	 -0.065389	 0.247429	 -0.066496	 0.997787	 0.004000
-0.789162	 0.165660	 -0.069379	 0.247141	 -0.077507	 0.996992	 0.004000
-0.788969	 0.164050	 -0.073365	 0.246814	 -0.085749	 0.996317	 0.004000
-0.787961	 0.162805	 -0.077349	 0.246456	 -0.093506	 0.995619	 0.004000
-0.785659	 0.162251	 -0.081330	 0.246066	 -0.101236	 0.994862	 0.004001
-0.782493	 0.162130	 -0.085307	 0.245640	 -0.112262	 0.993679	 0.004000
-0.779211	 0.162003	 -0.089280	 0.245177	 -0.118979	 0.992897	 0.004001
-0.776196	 0.161619	 -0.093250	 0.244689	 -0.125019	 0.992154	 0.003999
-0.773632	 0.160885	 -0.097217	 0.244174	 -0.132246	 0.991217	 0.004000
-0.772442	 0.159720	 -0.101179	 0.243627	 -0.141260	 0.989972	 0.004000
-0.770821	 0.158121	 -0.105137	 0.243052	 -0.146739	 0.989175	 0.004000
-0.767891	 0.157217	 -0.109093	 0.242453	 -0.152226	 0.988346	 0.004001
-0.763462	 0.157185	 -0.113044	 0.241831	 -0.159287	 0.987232	 0.003999
-0.758806	 0.157246	 -0.116990	 0.241179	 -0.166466	 0.986047	 0.004001
-0.754875	 0.156845	 -0.120933	 0.240503	 -0.171774	 0.985136	 0.003999
-0.752204	 0.155862	 -0.124871	 0.239804	 -0.177521	 0.984117	 0.004000
-0.749523	 0.154529	 -0.128805	 0.239078	 -0.185194	 0.982702	 0.004001
-0.745270	 0.154095	 -0.132735	 0.238329	 -0.189283	 0.981923	 0.003999
-0.740025	 0.154247	 -0.136660	 0.237564	 -0.193519	 0.981097	 0.004000
-0.735300	 0.154094	 -0.140581	 0.236773	 -0.201688	 0.979450	 0.004001
-0.731606	 0.153317	 -0.144498	 0.235959	 -0.205532	 0.978650	 0.003999
-0.728412	 0.152203	 -0.148411	 0.235129	 -0.209512	 0.977806	 0.004000
-0.723524	 0.152051	 -0.152318	 0.234278	 -0.216030	 0.976387	 0.003999
-0.718224	 0.152210	 -0.156222	 0.233407	 -0.219471	 0.975619	 0.004001
-0.713778	 0.151871	 -0.160124	 0.232523	 -0.222723	 0.974882	 0.004000
-0.710459	 0.150789	 -0.164021	 0.231623	 -0.227269	 0.973832	 0.004000
-0.706347	 0.150293	 -0.167915	 0.230707	 -0.230753	 0.973012	 0.004000
-0.701164	 0.150508	 -0.171806	 0.229778	 -0.233467	 0.972365	 0.004001
-0.696614	 0.150362	 -0.175694	 0.228837	 -0.237002	 0.971509	 0.004000
-0.695179	 0.150766	 -0.179578	 0.227884	 -0.239770	 0.970830	 0.004000
-0.693219	 0.149435	 -0.183460	 0.226919	 -0.242242	 0.970216	 0.004000
-0.689471	 0.148883	 -0.187340	 0.225945	 -0.245005	 0.969522	 0.004000
-0.684400	 0.149082	 -0.191216	 0.224957	 -0.248766	 0.968564	 0.004000
-0.678721	 0.149327	 -0.195089	 0.223958	 -0.250997	 0.967988	 0.004000
-0.676992	 0.147992	 -0.198960	 0.222948	 -0.253989	 0.967207	 0.004000
-0.673051	 0.147579	 -0.202826	 0.221924	 -0.258036	 0.966135	 0.003999
-0.667419	 0.147854	 -0.206689	 0.220886	 -0.260959	 0.965350	 0.004001
-0.661445	 0.147895	 -0.210548	 0.219834	 -0.265000	 0.964249	 0.004000
-0.661247	 0.146435	 -0.214403	 0.218768	 -0.268276	 0.963342	 0.004000
-0.657937	 0.146178	 -0.218255	 0.217690	 -0.270492	 0.962722	 0.004000
-0.651484	 0.146500	 -0.222104	 0.216597	 -0.275975	 0.961165	 0.004000
-0.643751	 0.146365	 -0.225946	 0.215487	 -0.278780	 0.960355	 0.004000
-0.641840	 0.145692	 -0.229787	 0.214368	 -0.280989	 0.959711	 0.004000
-0.638574	 0.145763	 -0.233623	 0.213234	 -0.285696	 0.958320	 0.004001
-0.635010	 0.145619	 -0.237455	 0.212089	 -0.287279	 0.957847	 0.004000
-0.630395	 0.145071	 -0.241285	 0.210934	 -0.289778	 0.957094	 0.004000
-0.625188	 0.145358	 -0.245111	 0.209768	 -0.293559	 0.955941	 0.003999
-0.620784	 0.145502	 -0.248933	 0.208591	 -0.295157	 0.955449	 0.004001
-0.617152	 0.144995	 -0.252754	 0.207405	 -0.297563	 0.954702	 0.003999
-0.612753	 0.145149	 -0.256570	 0.206209	 -0.300282	 0.953851	 0.004000
-0.608436	 0.145364	 -0.260385	 0.205005	 -0.301945	 0.953325	 0.004001
-0.604536	 0.145049	 -0.264197	 0.203792	 -0.304504	 0.952511	 0.004000
-0.600909	 0.144981	 -0.268006	 0.202570	 -0.306762	 0.951786	 0.004000
-0.596918	 0.145185	 -0.271811	 0.201340	 -0.308040	 0.951373	 0.003999
-0.593263	 0.144884	 -0.275616	 0.200101	 -0.311125	 0.950369	 0.004002
-0.590335	 0.144555	 -0.279417	 0.198854	 -0.312550	 0.949901	 0.003999
-0.586498	 0.144768	 -0.283214	 0.197599	 -0.315027	 0.949083	 0.004000
-0.583412	 0.144371	 -0.287008	 0.196334	 -0.317502	 0.948257	 0.004000
-0.583412	 0.144371	 -0.290801	 0.195061	 -0.318926	 0.947780	 0.004001
-0.580962	 0.143969	 -0.294591	 0.193781	 -0.321248	 0.946995	 0.004000
-0.575613	 0.144523	 -0.298377	 0.192492	 -0.323122	 0.946357	 0.003998
-0.573790	 0.143726	 -0.302161	 0.191196	 -0.324612	 0.945847	 0.004002
-0.570859	 0.143575	 -0.305943	 0.189891	 -0.328278	 0.944581	 0.004000
-0.567398	 0.143833	 -0.309720	 0.188575	 -0.329771	 0.944061	 0.004000
-0.565155	 0.143427	 -0.313494	 0.187250	 -0.332532	 0.943092	 0.004000
-0.561585	 0.143748	 -0.317264	 0.185914	 -0.335735	 0.941957	 0.004000
-0.556454	 0.144559	 -0.321032	 0.184568	 -0.336922	 0.941533	 0.004001
-0.554834	 0.144093	 -0.324795	 0.183214	 -0.340357	 0.940296	 0.003999
-0.551200	 0.144607	 -0.328554	 0.181847	 -0.342947	 0.939355	 0.004001
-0.546855	 0.145288	 -0.332310	 0.180472	 -0.344813	 0.938671	 0.003999
-0.545375	 0.144889	 -0.336062	 0.179085	 -0.348519	 0.937302	 0.004000
-0.542355	 0.145250	 -0.339809	 0.177687	 -0.350219	 0.936668	 0.004000
-0.539818	 0.145276	 -0.343554	 0.176282	 -0.352739	 0.935722	 0.004000
-0.538515	 0.144864	 -0.347295	 0.174866	 -0.355257	 0.934769	 0.004000
-0.536304	 0.145012	 -0.351034	 0.173442	 -0.356432	 0.934321	 0.004001
-0.534910	 0.144696	 -0.354770	 0.172011	 -0.358812	 0.933410	 0.003999
-0.532930	 0.144824	 -0.358503	 0.170576	 -0.358946	 0.933358	 0.004001
-0.532930	 0.144824	 -0.362236	 0.169140	 -0.359113	 0.933294	 0.003999
-0.530785	 0.145088	 -0.365966	 0.167697	 -0.362193	 0.932103	 0.004001
-0.529996	 0.144889	 -0.369694	 0.166245	 -0.364051	 0.931379	 0.003999
-0.527964	 0.145323	 -0.373417	 0.164782	 -0.367206	 0.930139	 0.004000
-0.527371	 0.145261	 -0.377137	 0.163314	 -0.367292	 0.930106	 0.004000
-0.525360	 0.145983	 -0.380857	 0.161844	 -0.367423	 0.930054	 0.004001
-0.523297	 0.147035	 -0.384578	 0.160375	 -0.367206	 0.930139	 0.004000
-0.523204	 0.146974	 -0.388297	 0.158903	 -0.368846	 0.929491	 0.003999
-0.521786	 0.147581	 -0.392013	 0.157422	 -0.371477	 0.928442	 0.004000
-0.522008	 0.147942	 -0.395725	 0.155929	 -0.374707	 0.927143	 0.004000
-0.522641	 0.147802	 -0.399432	 0.154429	 -0.375740	 0.926725	 0.004000
-0.523604	 0.147609	 -0.403139	 0.152926	 -0.375525	 0.926812	 0.004000
-0.527607	 0.146773	 -0.406844	 0.151419	 -0.378321	 0.925674	 0.003999
-0.527191	 0.147186	 -0.410545	 0.149902	 -0.379995	 0.924988	 0.004000
-0.527236	 0.147719	 -0.414242	 0.148373	 -0.384154	 0.923269	 0.004001
-0.527236	 0.147719	 -0.417933	 0.146833	 -0.386089	 0.922462	 0.003999
-0.526728	 0.148342	 -0.421621	 0.145284	 -0.388392	 0.921494	 0.004001
-0.526034	 0.149884	 -0.425308	 0.143730	 -0.388269	 0.921546	 0.004000
-0.528540	 0.149984	 -0.428992	 0.142175	 -0.389599	 0.920985	 0.003999
-0.531669	 0.150902	 -0.432674	 0.140611	 -0.392410	 0.919790	 0.004001
-0.534579	 0.150841	 -0.436350	 0.139034	 -0.396000	 0.918250	 0.004000
-0.535459	 0.151562	 -0.440022	 0.137446	 -0.397839	 0.917455	 0.003999
-0.541923	 0.151820	 -0.443688	 0.135848	 -0.401658	 0.915790	 0.004001
-0.543228	 0.152255	 -0.447346	 0.134230	 -0.407066	 0.913399	 0.003999
-0.549099	 0.152510	 -0.450997	 0.132595	 -0.410448	 0.911884	 0.004001
-0.549227	 0.153001	 -0.454641	 0.130945	 -0.414726	 0.909947	 0.004000
-0.546891	 0.154335	 -0.458276	 0.129276	 -0.419597	 0.907710	 0.003999
-0.554566	 0.154848	 -0.461902	 0.127587	 -0.424677	 0.905345	 0.004001
-0.554566	 0.154848	 -0.465507	 0.125856	 -0.441102	 0.897457	 0.003999
-0.559057	 0.157062	 -0.469086	 0.124069	 -0.452206	 0.891913	 0.004000
-0.559548	 0.158443	 -0.472643	 0.122241	 -0.462250	 0.886750	 0.004000
-0.565294	 0.161071	 -0.476168	 0.120348	 -0.483626	 0.875275	 0.004001
-0.560352	 0.163015	 -0.479643	 0.118368	 -0.506605	 0.862178	 0.003999
-0.564990	 0.165106	 -0.483069	 0.116304	 -0.525519	 0.850782	 0.004000
-0.551923	 0.168064	 -0.486445	 0.114159	 -0.546771	 0.837282	 0.004000
-0.546339	 0.172862	 -0.489735	 0.111889	 -0.588781	 0.808293	 0.004000
-0.531224	 0.181588	 -0.492927	 0.109478	 -0.616706	 0.787194	 0.004000
-0.493369	 0.190770	 -0.496017	 0.106940	 -0.652252	 0.758002	 0.004000
-0.505908	 0.193882	 -0.498971	 0.104244	 -0.695263	 0.718755	 0.004001
-0.466981	 0.208593	 -0.501764	 0.101383	 -0.735216	 0.677833	 0.004000
-0.404516	 0.235951	 -0.504340	 0.098328	 -0.792410	 0.609989	 0.004000
-0.308339	 0.288590	 -0.506619	 0.095047	 -0.848265	 0.529572	 0.003999
-0.278238	 0.326173	 -0.508547	 0.091549	 -0.900682	 0.434479	 0.004000
-0.134488	 0.573567	 -0.509992	 0.087832	 -0.957622	 0.288029	 0.004000
0.031004	 2.125747	 -0.510721	 0.083923	 -0.997089	 0.076243	 0.004000
0.255723	 0.192126	 -0.510381	 0.079990	 -0.969201	 -0.246269	 0.004000
0.366980	 0.128968	 -0.508761	 0.076399	 -0.826275	 -0.563267	 0.004000
0.462175	 0.094032	 -0.506019	 0.073567	 -0.589721	 -0.807607	 0.004001
0.479586	 0.093304	 -0.502537	 0.071671	 -0.358379	 -0.933576	 0.004000
0.474288	 0.096483	 -0.498705	 0.070585	 -0.184923	 -0.982753	 0.003999
0.465912	 0.098409	 -0.494745	 0.070070	 -0.072615	 -0.997360	 0.004001
0.457566	 0.099880	 -0.490750	 0.069926	 0.000700	 -1.000000	 0.004000
0.452157	 0.100648	 -0.486752	 0.070022	 0.047319	 -0.998880	 0.004000
0.446554	 0.101022	 -0.482761	 0.070273	 0.078563	 -0.996909	 0.003999
0.444383	 0.101120	 -0.478778	 0.070644	 0.106455	 -0.994317	 0.004001
0.441923	 0.101314	 -0.474801	 0.071082	 0.112588	 -0.993642	 0.004000
0.439113	 0.101622	 -0.470827	 0.071533	 0.112937	 -0.993602	 0.004000
0.436768	 0.101923	 -0.466853	 0.071979	 0.110069	 -0.993924	 0.003999
0.433355	 0.102419	 -0.462874	 0.072395	 0.098093	 -0.995177	 0.004000
0.433355	 0.102419	 -0.458891	 0.072759	 0.083699	 -0.996491	 0.004000
0.430406	 0.102869	 -0.454903	 0.073070	 0.071993	 -0.997405	 0.004000
0.428213	 0.103213	 -0.450912	 0.073334	 0.060246	 -0.998184	 0.004000
0.426738	 0.103451	 -0.446917	 0.073536	 0.040283	 -0.999188	 0.003999
0.425778	 0.103616	 -0.442920	 0.073665	 0.024299	 -0.999705	 0.004000
0.425048	 0.103754	 -0.438920	 0.073731	 0.008650	 -0.999963	 0.004000
0.424340	 0.103902	 -0.434920	 0.073732	 -0.007800	 -0.999970	 0.004000
0.423617	 0.104061	 -0.430921	 0.073657	 -0.029952	 -0.999551	 0.004000
0.423026	 0.104203	 -0.426925	 0.073499	 -0.049002	 -0.998799	 0.004000
0.422788	 0.104286	 -0.422932	 0.073266	 -0.067697	 -0.997706	 0.004000
0.422995	 0.104294	 -0.418944	 0.072954	 -0.087986	 -0.996122	 0.004000
0.423486	 0.104262	 -0.414964	 0.072559	 -0.109622	 -0.993973	 0.004000
0.423832	 0.104276	 -0.410995	 0.072069	 -0.135136	 -0.990827	 0.004000
0.420324	 0.105027	 -0.407038	 0.071477	 -0.161196	 -0.986922	 0.004001
0.417444	 0.105665	 -0.403099	 0.070788	 -0.183355	 -0.983047	 0.003999
0.413857	 0.106443	 -0.399176	 0.070007	 -0.206896	 -0.978363	 0.004001
0.412763	 0.106711	 -0.395273	 0.069135	 -0.229324	 -0.973350	 0.004000
0.414830	 0.106354	 -0.391390	 0.068176	 -0.250140	 -0.968210	 0.004000
0.412819	 0.106753	 -0.387526	 0.067137	 -0.269435	 -0.963019	 0.004001
0.411212	 0.107151	 -0.383686	 0.066021	 -0.288220	 -0.957564	 0.003999
0.408309	 0.107812	 -0.379864	 0.064843	 -0.300759	 -0.953700	 0.004000
0.408433	 0.107833	 -0.376055	 0.063622	 -0.310086	 -0.950708	 0.004000
0.404960	 0.108622	 -0.372256	 0.062367	 -0.317480	 -0.948265	 0.004000
0.401724	 0.109385	 -0.368467	 0.061086	 -0.322947	 -0.946417	 0.004000
0.401144	 0.109552	 -0.364683	 0.059788	 -0.326082	 -0.945342	 0.004000
0.397087	 0.110520	 -0.360904	 0.058478	 -0.328903	 -0.944364	 0.004001
0.393753	 0.111348	 -0.357127	 0.057159	 -0.330562	 -0.943784	 0.004000
0.393472	 0.111445	 -0.353353	 0.055837	 -0.330384	 -0.943847	 0.004000
0.388940	 0.112597	 -0.349578	 0.054513	 -0.331530	 -0.943445	 0.004000
0.385895	 0.113400	 -0.345805	 0.053185	 -0.332510	 -0.943100	 0.004000
0.385925	 0.113411	 -0.342033	 0.051854	 -0.333110	 -0.942888	 0.004000
0.382085	 0.114444	 -0.338263	 0.050518	 -0.334657	 -0.942340	 0.004000
0.380505	 0.114886	 -0.334494	 0.049178	 -0.335335	 -0.942099	 0.004000
0.380505	 0.114886	 -0.330727	 0.047834	 -0.336701	 -0.941612	 0.004001
0.379486	 0.115197	 -0.326962	 0.046482	 -0.339144	 -0.940734	 0.004000
0.377174	 0.115880	 -0.323200	 0.045122	 -0.340954	 -0.940080	 0.004000
0.376283	 0.116160	 -0.319441	 0.043755	 -0.342837	 -0.939395	 0.004000
0.374448	 0.116748	 -0.315686	 0.042378	 -0.345533	 -0.938407	 0.003999
0.372014	 0.117509	 -0.311933	 0.040992	 -0.347367	 -0.937729	 0.004000
0.371879	 0.117605	 -0.308184	 0.039599	 -0.349413	 -0.936969	 0.004000
0.368255	 0.118788	 -0.304438	 0.038196	 -0.351611	 -0.936146	 0.004000
0.365269	 0.119773	 -0.300694	 0.036785	 -0.354152	 -0.935188	 0.004000
0.365474	 0.119789	 -0.296955	 0.035364	 -0.356450	 -0.934315	 0.004000
0.361584	 0.121141	 -0.293220	 0.033933	 -0.358858	 -0.933392	 0.004000
0.360278	 0.121669	 -0.289489	 0.032490	 -0.362601	 -0.931945	 0.003999
0.356590	 0.122993	 -0.285764	 0.031032	 -0.366279	 -0.930505	 0.004001
0.354173	 0.123890	 -0.282046	 0.029557	 -0.371434	 -0.928459	 0.003999
0.354173	 0.123890	 -0.278338	 0.028058	 -0.378234	 -0.925710	 0.004000
0.353093	 0.124342	 -0.274641	 0.026532	 -0.384800	 -0.923000	 0.004000
0.351825	 0.124859	 -0.270956	 0.024976	 -0.393162	 -0.919469	 0.004000
0.352504	 0.124695	 -0.267286	 0.023384	 -0.402625	 -0.915365	 0.003999
0.351722	 0.125092	 -0.263634	 0.021753	 -0.413076	 -0.910697	 0.004000
0.351125	 0.125407	 -0.260002	 0.020078	 -0.424431	 -0.905460	 0.004000
0.347634	 0.126842	 -0.256394	 0.018352	 -0.438672	 -0.898647	 0.003999
0.345480	 0.127792	 -0.252815	 0.016564	 -0.454915	 -0.890535	 0.004001
0.340516	 0.129747	 -0.249269	 0.014716	 -0.469459	 -0.882954	 0.003999
0.340516	 0.129747	 -0.245753	 0.012808	 -0.484526	 -0.874777	 0.004001
0.339316	 0.130384	 -0.242270	 0.010840	 -0.499192	 -0.866491	 0.004000
0.336356	 0.131377	 -0.238820	 0.008817	 -0.512499	 -0.858688	 0.003999
0.337092	 0.131148	 -0.235399	 0.006745	 -0.523617	 -0.851954	 0.004000
0.333174	 0.132590	 -0.232003	 0.004632	 -0.532762	 -0.846265	 0.004000
0.333174	 0.132590	 -0.228624	 0.002490	 -0.537959	 -0.842971	 0.004000
0.326220	 0.135483	 -0.225251	 0.000340	 -0.536976	 -0.843597	 0.004001
0.319510	 0.138301	 -0.221871	 -0.001798	 -0.532437	 -0.846470	 0.003999
0.315963	 0.139819	 -0.218473	 -0.003909	 -0.523175	 -0.852225	 0.004000
0.312663	 0.141099	 -0.215049	 -0.005977	 -0.510493	 -0.859882	 0.004001
0.310694	 0.141879	 -0.211591	 -0.007988	 -0.495235	 -0.868759	 0.004000
0.305159	 0.144530	 -0.208096	 -0.009933	 -0.476909	 -0.878953	 0.004000
0.301668	 0.146302	 -0.204560	 -0.011804	 -0.458517	 -0.888686	 0.004000
0.294403	 0.150307	 -0.200991	 -0.013608	 -0.443869	 -0.896092	 0.003998
0.292441	 0.151574	 -0.197396	 -0.015359	 -0.431426	 -0.902148	 0.004000
0.283460	 0.156797	 -0.193777	 -0.017064	 -0.421229	 -0.906954	 0.004000
0.283460	 0.156797	 -0.190141	 -0.018733	 -0.413076	 -0.910697	 0.004000
0.280512	 0.158628	 -0.186493	 -0.020375	 -0.407817	 -0.913064	 0.004001
0.277077	 0.160852	 -0.182839	 -0.022000	 -0.404878	 -0.914371	 0.003999
0.274866	 0.162346	 -0.179180	 -0.023617	 -0.403472	 -0.914992	 0.004000
0.274567	 0.162785	 -0.175520	 -0.025230	 -0.403304	 -0.915066	 0.004000
0.273262	 0.163806	 -0.171862	 -0.026847	 -0.404878	 -0.914371	 0.003999
0.273294	 0.163945	 -0.168206	 -0.028470	 -0.406693	 -0.913565	 0.004001
0.269395	 0.167038	 -0.164552	 -0.030100	 -0.408274	 -0.912859	 0.004000
0.267614	 0.168588	 -0.160903	 -0.031736	 -0.409876	 -0.912141	 0.004000
0.262548	 0.172717	 -0.157256	 -0.033380	 -0.411965	 -0.911200	 0.003999
0.260682	 0.174440	 -0.153611	 -0.035027	 -0.411653	 -0.911341	 0.004001
0.260682	 0.174440	 -0.149965	 -0.036673	 -0.411300	 -0.911500	 0.004000
0.255648	 0.178591	 -0.146318	 -0.038316	 -0.410074	 -0.912052	 0.004000
0.253771	 0.180281	 -0.142669	 -0.039953	 -0.408566	 -0.912729	 0.004000
0.252762	 0.181425	 -0.139016	 -0.041583	 -0.406681	 -0.913570	 0.004000
0.251411	 0.182778	 -0.135360	 -0.043206	 -0.404702	 -0.914449	 0.004000
0.252303	 0.182262	 -0.131700	 -0.044822	 -0.403191	 -0.915116	 0.004001
0.250098	 0.184593	 -0.128040	 -0.046435	 -0.403472	 -0.914992	 0.004000
0.248832	 0.186014	 -0.124380	 -0.048049	 -0.403283	 -0.915075	 0.004000
0.244641	 0.190372	 -0.120722	 -0.049665	 -0.404899	 -0.914361	 0.004000
0.242089	 0.193139	 -0.117066	 -0.051288	 -0.406493	 -0.913654	 0.003999
0.238351	 0.197242	 -0.113412	 -0.052917	 -0.408004	 -0.912980	 0.004001
0.236106	 0.199820	 -0.109763	 -0.054554	 -0.410635	 -0.911800	 0.003999
0.236106	 0.199820	 -0.106117	 -0.056197	 -0.410999	 -0.911636	 0.004001
0.233866	 0.202541	 -0.102471	 -0.057845	 -0.412609	 -0.910908	 0.004000
0.232434	 0.204337	 -0.098826	 -0.059492	 -0.411263	 -0.911517	 0.004000
0.232206	 0.205077	 -0.095179	 -0.061135	 -0.410111	 -0.912036	 0.003999
0.231298	 0.206383	 -0.091529	 -0.062772	 -0.408528	 -0.912746	 0.004000
0.231520	 0.206521	 -0.087876	 -0.064402	 -0.406466	 -0.913666	 0.004000
0.228160	 0.210865	 -0.084220	 -0.066024	 -0.404625	 -0.914483	 0.004000
0.225797	 0.213988	 -0.080562	 -0.067642	 -0.404187	 -0.914677	 0.004000
0.222112	 0.219027	 -0.076903	 -0.069257	 -0.403491	 -0.914984	 0.004001
0.219470	 0.222691	 -0.073243	 -0.070874	 -0.404625	 -0.914483	 0.004000
0.217642	 0.225442	 -0.069587	 -0.072495	 -0.406006	 -0.913870	 0.004000
0.217056	 0.226397	 -0.065933	 -0.074124	 -0.408294	 -0.912850	 0.004001
0.215060	 0.229409	 -0.062285	 -0.075764	 -0.411722	 -0.911309	 0.003999
0.214262	 0.231138	 -0.058643	 -0.077416	 -0.414439	 -0.910077	 0.004000
0.213133	 0.233080	 -0.055004	 -0.079078	 -0.416485	 -0.909143	 0.004000
0.213644	 0.232897	 -0.051370	 -0.080750	 -0.419675	 -0.907675	 0.004000
0.212100	 0.235730	 -0.047741	 -0.082432	 -0.421481	 -0.906837	 0.004000
0.211388	 0.237256	 -0.044115	 -0.084119	 -0.421948	 -0.906620	 0.004000
0.207731	 0.243261	 -0.040489	 -0.085808	 -0.422617	 -0.906308	 0.004000
0.205736	 0.246795	 -0.036864	 -0.087501	 -0.423529	 -0.905883	 0.004000
0.201030	 0.254674	 -0.033242	 -0.089197	 -0.424420	 -0.905465	 0.004000
0.199276	 0.258079	 -0.029621	 -0.090897	 -0.425797	 -0.904819	 0.004000
0.199276	 0.258079	 -0.026002	 -0.092600	 -0.425777	 -0.904828	 0.004000
0.195175	 0.265339	 -0.022384	 -0.094307	 -0.427597	 -0.903969	 0.004000
0.194148	 0.267605	 -0.018770	 -0.096021	 -0.429629	 -0.903006	 0.004000
0.193255	 0.270047	 -0.015159	 -0.097743	 -0.430981	 -0.902361	 0.004000
0.192352	 0.272227	 -0.011552	 -0.099470	 -0.432930	 -0.901428	 0.003999
0.190742	 0.276119	 -0.007949	 -0.101208	 -0.435665	 -0.900109	 0.004001
0.188709	 0.280443	 -0.004351	 -0.102955	 -0.437828	 -0.899059	 0.003999
0.187385	 0.283673	 -0.000757	 -0.104711	 -0.440175	 -0.897912	 0.004001
0.181985	 0.294915	 0.002834	 -0.106474	 -0.441723	 -0.897152	 0.004000
0.181985	 0.294915	 0.006422	 -0.108243	 -0.442536	 -0.896751	 0.004000
0.178505	 0.302944	 0.010009	 -0.110013	 -0.442494	 -0.896771	 0.004000
0.176302	 0.308220	 0.013597	 -0.111781	 -0.441273	 -0.897373	 0.004000
0.174991	 0.312151	 0.017187	 -0.113544	 -0.440511	 -0.897747	 0.004000
0.173476	 0.316191	 0.020780	 -0.115302	 -0.438433	 -0.898764	 0.004001
0.171903	 0.320975	 0.024377	 -0.117052	 -0.436319	 -0.899792	 0.003999
0.170150	 0.325814	 0.027977	 -0.118795	 -0.435708	 -0.900088	 0.004000
0.169203	 0.329023	 0.031577	 -0.120538	 -0.435554	 -0.900162	 0.004000
0.164006	 0.342947	 0.035177	 -0.122282	 -0.436191	 -0.899854	 0.004001
0.162710	 0.347421	 0.038776	 -0.124028	 -0.437295	 -0.899318	 0.004000
0.160423	 0.353681	 0.042371	 -0.125781	 -0.438965	 -0.898504	 0.004000
0.157262	 0.363116	 0.045964	 -0.127540	 -0.440260	 -0.897870	 0.004000
0.155364	 0.369997	 0.049554	 -0.129304	 -0.441765	 -0.897131	 0.004000
0.152963	 0.377862	 0.053143	 -0.131070	 -0.441524	 -0.897249	 0.004000
0.152425	 0.380546	 0.056732	 -0.132835	 -0.441234	 -0.897392	 0.004000
0.149652	 0.390596	 0.060323	 -0.134598	 -0.440019	 -0.897989	 0.004000
0.148737	 0.394720	 0.063917	 -0.136354	 -0.438182	 -0.898886	 0.004001
0.144712	 0.409679	 0.067515	 -0.138102	 -0.435594	 -0.900143	 0.003999
0.143265	 0.416052	 0.071117	 -0.139841	 -0.433956	 -0.900934	 0.004000
0.138029	 0.436599	 0.074723	 -0.141572	 -0.431718	 -0.902009	 0.004000
0.137917	 0.438848	 0.078332	 -0.143298	 -0.431224	 -0.902245	 0.004000
0.134690	 0.451558	 0.081941	 -0.145023	 -0.430981	 -0.902361	 0.004000
0.130824	 0.468489	 0.085550	 -0.146747	 -0.431360	 -0.902180	 0.003999
0.129358	 0.476195	 0.089156	 -0.148476	 -0.432978	 -0.901404	 0.004000
0.126972	 0.489038	 0.092761	 -0.150210	 -0.434198	 -0.900817	 0.004000
0.125887	 0.495647	 0.096364	 -0.151949	 -0.435061	 -0.900401	 0.003999
0.123537	 0.509515	 0.099964	 -0.153692	 -0.436404	 -0.899751	 0.004001
0.121184	 0.522912	 0.103565	 -0.155435	 -0.434973	 -0.900444	 0.004000
0.116715	 0.549048	 0.107169	 -0.157170	 -0.432349	 -0.901706	 0.003999
0.113631	 0.568292	 0.110780	 -0.158889	 -0.427506	 -0.904013	 0.004000
0.109934	 0.592169	 0.114402	 -0.160585	 -0.420722	 -0.907190	 0.004000
0.109457	 0.596270	 0.118039	 -0.162250	 -0.411768	 -0.911289	 0.004000
0.106832	 0.615218	 0.121695	 -0.163874	 -0.400216	 -0.916421	 0.004000
0.105228	 0.629539	 0.125373	 -0.165447	 -0.386212	 -0.922410	 0.004000
0.103427	 0.644412	 0.129077	 -0.166956	 -0.367895	 -0.929867	 0.003998
0.103254	 0.648339	 0.132808	 -0.168397	 -0.352657	 -0.935753	 0.004001
0.102479	 0.658202	 0.136564	 -0.169774	 -0.336035	 -0.941849	 0.004000
0.100600	 0.674810	 0.140342	 -0.171088	 -0.321172	 -0.947021	 0.004001
0.100979	 0.674986	 0.144138	 -0.172350	 -0.309544	 -0.950885	 0.003999
0.100587	 0.682520	 0.147946	 -0.173569	 -0.299827	 -0.953994	 0.003999
0.099121	 0.696733	 0.151764	 -0.174761	 -0.296439	 -0.955052	 0.004001
0.099585	 0.696154	 0.155583	 -0.175953	 -0.299528	 -0.954088	 0.004000
0.100673	 0.692468	 0.159393	 -0.177170	 -0.308945	 -0.951080	 0.004001
0.100025	 0.700541	 0.163189	 -0.178433	 -0.322521	 -0.946562	 0.004000
0.100162	 0.702577	 0.166963	 -0.179757	 -0.339755	 -0.940514	 0.004000
0.100242	 0.706620	 0.170711	 -0.181154	 -0.358728	 -0.933442	 0.004000
0.099526	 0.715326	 0.174428	 -0.182630	 -0.378837	 -0.925463	 0.003999
0.099622	 0.717560	 0.178113	 -0.184185	 -0.398680	 -0.917090	 0.004001
0.100028	 0.716066	 0.181766	 -0.185816	 -0.416758	 -0.909017	 0.004000
0.099955	 0.719736	 0.185389	 -0.187510	 -0.430438	 -0.902620	 0.004001
0.100955	 0.716968	 0.188990	 -0.189253	 -0.441102	 -0.897457	 0.003999
0.101111	 0.719089	 0.192570	 -0.191035	 -0.450211	 -0.892922	 0.004000
0.102908	 0.708859	 0.196134	 -0.192852	 -0.458178	 -0.888860	 0.004001
0.099836	 0.738875	 0.199684	 -0.194697	 -0.464231	 -0.885714	 0.004000
0.098360	 0.755062	 0.203219	 -0.196566	 -0.470368	 -0.882471	 0.003999
0.096430	 0.773680	 0.206743	 -0.198459	 -0.475977	 -0.879458	 0.004000
0.094377	 0.796143	 0.210257	 -0.200370	 -0.479518	 -0.877532	 0.004000
0.091882	 0.826111	 0.213762	 -0.202297	 -0.484029	 -0.875052	 0.004000
0.091582	 0.833005	 0.217259	 -0.204240	 -0.487340	 -0.873213	 0.004001
0.090964	 0.846296	 0.220749	 -0.206196	 -0.490582	 -0.871395	 0.003999
0.091235	 0.848242	 0.224230	 -0.208164	 -0.493498	 -0.869747	 0.004000
0.087274	 0.898121	 0.227708	 -0.210141	 -0.495250	 -0.868750	 0.004000
0.084565	 0.934579	 0.231179	 -0.212129	 -0.498748	 -0.866747	 0.004000
0.082335	 0.964804	 0.234643	 -0.214128	 -0.500790	 -0.865569	 0.004000
0.079427	 1.008213	 0.238103	 -0.216135	 -0.502534	 -0.864558	 0.004000
0.076880	 1.053000	 0.241559	 -0.218148	 -0.504166	 -0.863607	 0.004001
0.076372	 1.066070	 0.245012	 -0.220169	 -0.506015	 -0.862525	 0.004000
0.074632	 1.102965	 0.248461	 -0.222195	 -0.506976	 -0.861960	 0.004000
0.073903	 1.121357	 0.251906	 -0.224227	 -0.509117	 -0.860697	 0.003999
0.067738	 1.242017	 0.255348	 -0.226265	 -0.509857	 -0.860259	 0.004001
0.067738	 1.242017	 0.258788	 -0.228306	 -0.510556	 -0.859844	 0.004000
0.062230	 1.370847	 0.262227	 -0.230349	 -0.510851	 -0.859669	 0.003999
0.060087	 1.429906	 0.265665	 -0.232394	 -0.511589	 -0.859230	 0.004001
0.058007	 1.497796	 0.269102	 -0.234441	 -0.511994	 -0.858989	 0.004000
0.058137	 1.502763	 0.272537	 -0.236489	 -0.512104	 -0.858924	 0.003999
0.054321	 1.629890	 0.275971	 -0.238542	 -0.514202	 -0.857669	 0.004000
0.051658	 1.728312	 0.279399	 -0.240602	 -0.516039	 -0.856565	 0.004000
0.048837	 1.838837	 0.282822	 -0.242671	 -0.518424	 -0.855124	 0.004001
0.045627	 1.984277	 0.286239	 -0.244751	 -0.521612	 -0.853183	 0.003999
0.041991	 2.182607	 0.289645	 -0.246847	 -0.526759	 -0.850015	 0.004000
0.042019	 2.191998	 0.293038	 -0.248968	 -0.533118	 -0.846041	 0.004001
0.039748	 2.345785	 0.296412	 -0.251115	 -0.540543	 -0.841317	 0.004000
0.038604	 2.431514	 0.299762	 -0.253302	 -0.552968	 -0.833202	 0.004000
0.035329	 2.676035	 0.303076	 -0.255541	 -0.566242	 -0.824239	 0.004000
0.031357	 3.040716	 0.306351	 -0.257837	 -0.582089	 -0.813125	 0.003999
0.028468	 3.390466	 0.309578	 -0.260199	 -0.599000	 -0.800749	 0.004000
0.026389	 3.704854	 0.312754	 -0.262632	 -0.617137	 -0.786856	 0.004001
0.026389	 3.704854	 0.315868	 -0.265141	 -0.637598	 -0.770369	 0.003999
0.020843	 4.768693	 0.318913	 -0.267734	 -0.659212	 -0.751957	 0.004000
0.016283	 6.158624	 0.321879	 -0.270417	 -0.682185	 -0.731180	 0.004000
0.013684	 7.401368	 0.324773	 -0.273179	 -0.698555	 -0.715556	 0.004000
0.005465	 18.932023	 0.327601	 -0.276006	 -0.715434	 -0.698680	 0.003999
-0.000512	 204.172995	 0.330363	 -0.278900	 -0.731296	 -0.682060	 0.004001
-0.005567	 19.043811	 0.333059	 -0.281855	 -0.746097	 -0.665837	 0.003999
-0.016476	 6.612316	 0.335687	 -0.284869	 -0.761230	 -0.648483	 0.004000
-0.034986	 3.224280	 0.338257	 -0.287934	 -0.771266	 -0.636513	 0.004000
-0.034986	 3.224280	 0.340780	 -0.291038	 -0.780454	 -0.625213	 0.004000
-0.055427	 2.115558	 0.343260	 -0.294177	 -0.788827	 -0.614615	 0.004001
-0.070353	 1.711246	 0.345698	 -0.297348	 -0.796808	 -0.604233	 0.003998
-0.098246	 1.287767	 0.348094	 -0.300551	 -0.804773	 -0.593583	 0.004001
-0.111172	 1.164383	 0.350450	 -0.303783	 -0.811345	 -0.584568	 0.004000
-0.136247	 0.986797	 0.352773	 -0.307040	 -0.816947	 -0.576713	 0.004000
-0.181159	 0.796585	 0.355073	 -0.310312	 -0.819338	 -0.573311	 0.004000
-0.210999	 0.714681	 0.357360	 -0.313593	 -0.821282	 -0.570522	 0.004000
-0.272068	 0.606910	 0.359642	 -0.316879	 -0.821165	 -0.570691	 0.004000
-0.272068	 0.606910	 0.361931	 -0.320159	 -0.819138	 -0.573597	 0.003999
-0.354768	 0.520444	 0.364246	 -0.323421	 -0.811838	 -0.583883	 0.004001
-0.460065	 0.457689	 0.366629	 -0.326634	 -0.794507	 -0.607255	 0.004000
-0.508869	 0.437953	 0.369112	 -0.329769	 -0.772731	 -0.634734	 0.004000
-0.632359	 0.406690	 0.371734	 -0.332788	 -0.736947	 -0.675951	 0.004000
-0.760007	 0.386155	 0.374563	 -0.335611	 -0.674376	 -0.738388	 0.003999
-0.865144	 0.377019	 0.377690	 -0.338088	 -0.564469	 -0.825454	 0.004000
-0.980179	 0.376728	 0.381201	 -0.339952	 -0.367508	 -0.930020	 0.004000
-1.026157	 0.387974	 0.385057	 -0.340801	 -0.057007	 -0.998374	 0.004000
-1.044268	 0.403880	 0.388937	 -0.340242	 0.336479	 -0.941691	 0.004000
-0.976952	 0.410377	 0.392342	 -0.338270	 0.649432	 -0.760420	 0.004000
-0.955453	 0.411480	 0.395051	 -0.335363	 0.804389	 -0.594103	 0.003999
-0.941360	 0.412156	 0.397120	 -0.331958	 0.897851	 -0.440300	 0.004000
-0.937156	 0.412932	 0.398644	 -0.328269	 0.946767	 -0.321921	 0.004001
-0.933648	 0.413419	 0.399765	 -0.324433	 0.971134	 -0.238533	 0.003999
-0.930267	 0.412705	 0.400544	 -0.320514	 0.988533	 -0.151005	 0.004000
-0.932029	 0.411217	 0.400998	 -0.316543	 0.997128	 -0.075741	 0.004000
-0.934142	 0.409660	 0.401201	 -0.312549	 0.999655	 -0.026248	 0.004000
-0.936570	 0.407781	 0.401217	 -0.308550	 0.999829	 0.018501	 0.004000
-0.939094	 0.405683	 0.401064	 -0.304554	 0.998302	 0.058253	 0.004000
-0.941726	 0.403355	 0.400751	 -0.300567	 0.995163	 0.098241	 0.004000
-0.944563	 0.400788	 0.400286	 -0.296594	 0.990948	 0.134243	 0.004000
-0.949090	 0.397876	 0.399699	 -0.292637	 0.987317	 0.158761	 0.004000
-0.952744	 0.394561	 0.399023	 -0.288695	 0.983714	 0.179743	 0.004000
-0.955777	 0.391591	 0.398242	 -0.284773	 0.977590	 0.210519	 0.004000
-0.958192	 0.389125	 0.397377	 -0.280868	 0.974990	 0.222248	 0.004000
-0.960809	 0.386611	 0.396465	 -0.276973	 0.972351	 0.233524	 0.004000
-0.965354	 0.383078	 0.395483	 -0.273096	 0.966293	 0.257445	 0.004001
-0.968368	 0.380081	 0.394444	 -0.269233	 0.965063	 0.262017	 0.004000
-0.970510	 0.377646	 0.393385	 -0.265375	 0.963636	 0.267218	 0.004000
-0.973452	 0.374598	 0.392299	 -0.261526	 0.961146	 0.276042	 0.003999
-0.976690	 0.371465	 0.391186	 -0.257684	 0.959913	 0.280298	 0.003999
-0.978595	 0.368820	 0.390054	 -0.253848	 0.958252	 0.285926	 0.004001
-0.979627	 0.366416	 0.388902	 -0.250017	 0.957094	 0.289778	 0.004000
-0.980837	 0.362663	 0.387740	 -0.246190	 0.956565	 0.291520	 0.004000
-0.982346	 0.359953	 0.386567	 -0.242366	 0.955519	 0.294929	 0.004001
-0.982712	 0.357603	 0.385387	 -0.238543	 0.955568	 0.294771	 0.004000
-0.982258	 0.354040	 0.384208	 -0.234721	 0.955568	 0.294771	 0.004000
-0.982303	 0.350957	 0.383030	 -0.230899	 0.955568	 0.294771	 0.004000
-0.981077	 0.348323	 0.381846	 -0.227079	 0.954795	 0.297264	 0.004000
-0.979702	 0.345617	 0.380652	 -0.223261	 0.954088	 0.299528	 0.004000
-0.976684	 0.341257	 0.379446	 -0.219447	 0.952847	 0.303451	 0.004001
-0.973896	 0.338362	 0.378231	 -0.215636	 0.952752	 0.303751	 0.004000
-0.970850	 0.335448	 0.377017	 -0.211824	 0.952824	 0.303524	 0.004000
-0.965485	 0.330848	 0.375796	 -0.208015	 0.951713	 0.306988	 0.004000
-0.961365	 0.327676	 0.374566	 -0.204209	 0.951373	 0.308040	 0.003999
-0.956682	 0.324581	 0.373333	 -0.200404	 0.951324	 0.308193	 0.004001
-0.949164	 0.319789	 0.372096	 -0.196600	 0.950566	 0.310522	 0.004000
-0.943516	 0.316353	 0.370850	 -0.192799	 0.949926	 0.312476	 0.004000
-0.937189	 0.313092	 0.369592	 -0.189002	 0.948583	 0.316528	 0.004000
-0.933359	 0.311956	 0.368322	 -0.185208	 0.947956	 0.318401	 0.004001
-0.928072	 0.308218	 0.367043	 -0.181418	 0.947147	 0.320800	 0.003999
-0.921619	 0.304822	 0.365761	 -0.177629	 0.947173	 0.320724	 0.004000
-0.910107	 0.300429	 0.364474	 -0.173843	 0.946536	 0.322598	 0.003999
-0.902654	 0.296535	 0.363171	 -0.170061	 0.944244	 0.329248	 0.004000
-0.894679	 0.293184	 0.361854	 -0.166284	 0.944348	 0.328947	 0.004001
-0.882142	 0.288929	 0.360538	 -0.162506	 0.944244	 0.329248	 0.004000
-0.875471	 0.285397	 0.359210	 -0.158733	 0.942301	 0.334768	 0.004000
-0.866994	 0.282412	 0.357869	 -0.154965	 0.942036	 0.335513	 0.004000
-0.854244	 0.278446	 0.356524	 -0.151197	 0.941533	 0.336922	 0.004001
-0.846900	 0.275199	 0.355172	 -0.147433	 0.940753	 0.339091	 0.003999
-0.838467	 0.272492	 0.353814	 -0.143670	 0.940463	 0.339896	 0.004001
-0.826460	 0.268872	 0.352450	 -0.139910	 0.939677	 0.342064	 0.003999
-0.819572	 0.266028	 0.351081	 -0.136152	 0.939435	 0.342726	 0.004000
-0.811873	 0.263707	 0.349708	 -0.132395	 0.939135	 0.343549	 0.003999
-0.801443	 0.260539	 0.348330	 -0.128640	 0.938509	 0.345253	 0.004000
-0.795010	 0.258284	 0.346949	 -0.124886	 0.938428	 0.345474	 0.004000
-0.788014	 0.256434	 0.345562	 -0.121134	 0.937577	 0.347778	 0.004000
-0.778712	 0.253875	 0.344170	 -0.117384	 0.937332	 0.348438	 0.004001
-0.778712	 0.253875	 0.342773	 -0.113636	 0.936832	 0.349780	 0.004000
-0.772189	 0.252215	 0.341369	 -0.109891	 0.935887	 0.352301	 0.003999
-0.762466	 0.250512	 0.339958	 -0.106148	 0.935360	 0.353697	 0.004001
-0.757370	 0.248578	 0.338538	 -0.102408	 0.934571	 0.355777	 0.004000
-0.751387	 0.247349	 0.337110	 -0.098672	 0.933536	 0.358485	 0.004000
-0.743426	 0.245739	 0.335673	 -0.094939	 0.932862	 0.360235	 0.004000
-0.737893	 0.244611	 0.334224	 -0.091210	 0.931392	 0.364017	 0.004000
-0.732608	 0.243341	 0.332766	 -0.087486	 0.930902	 0.365270	 0.004000
-0.725667	 0.241767	 0.331299	 -0.083765	 0.929720	 0.368268	 0.004000
-0.720929	 0.240700	 0.329820	 -0.080049	 0.928522	 0.371279	 0.004000
-0.714766	 0.239172	 0.328330	 -0.076336	 0.927747	 0.373209	 0.004000
-0.711805	 0.237572	 0.326831	 -0.072627	 0.926537	 0.376204	 0.004000
-0.708350	 0.236591	 0.325321	 -0.068923	 0.925284	 0.379274	 0.004000
-0.703997	 0.235250	 0.323800	 -0.065224	 0.924476	 0.381240	 0.004000
-0.700314	 0.234738	 0.322268	 -0.061529	 0.923132	 0.384482	 0.004000
-0.694614	 0.234634	 0.320727	 -0.057837	 0.922402	 0.386230	 0.004000
-0.694614	 0.234634	 0.319178	 -0.054150	 0.921531	 0.388305	 0.003999
-0.691679	 0.233121	 0.317616	 -0.050467	 0.919763	 0.392474	 0.004000
-0.686342	 0.232863	 0.316042	 -0.046790	 0.918877	 0.394544	 0.004000
-0.684529	 0.230856	 0.314458	 -0.043117	 0.917614	 0.397473	 0.004000
-0.682076	 0.229928	 0.312862	 -0.039449	 0.916197	 0.400727	 0.004000
-0.678962	 0.228637	 0.311254	 -0.035786	 0.915292	 0.402791	 0.004000
-0.676745	 0.227792	 0.309636	 -0.032129	 0.913647	 0.406510	 0.004000
-0.674121	 0.226451	 0.308005	 -0.028476	 0.912439	 0.409212	 0.004000
-0.672550	 0.225375	 0.306364	 -0.024828	 0.911502	 0.411296	 0.004000
-0.670171	 0.224428	 0.304710	 -0.021186	 0.909629	 0.415422	 0.004001
-0.668803	 0.223168	 0.303044	 -0.017549	 0.908668	 0.417520	 0.004000
-0.666657	 0.222604	 0.301370	 -0.013916	 0.907763	 0.419483	 0.004000
-0.665472	 0.223292	 0.299685	 -0.010289	 0.906012	 0.423252	 0.004000
-0.664462	 0.221169	 0.297986	 -0.006668	 0.904581	 0.426301	 0.004000
-0.661546	 0.220959	 0.296275	 -0.003052	 0.903322	 0.428964	 0.004000
-0.660533	 0.219453	 0.294550	 0.000557	 0.901273	 0.433252	 0.004000
-0.658265	 0.218916	 0.292810	 0.004159	 0.899544	 0.436830	 0.003999
-0.657907	 0.217160	 0.291057	 0.007754	 0.898133	 0.439724	 0.004000
-0.656980	 0.216084	 0.289290	 0.011342	 0.896054	 0.443945	 0.004000
-0.656115	 0.214485	 0.287508	 0.014924	 0.894527	 0.447014	 0.004000
-0.655120	 0.213561	 0.285713	 0.018498	 0.892897	 0.450261	 0.004000
-0.653924	 0.212343	 0.283903	 0.022065	 0.890615	 0.454758	 0.004000
-0.652467	 0.211952	 0.282077	 0.025624	 0.888727	 0.458437	 0.004001
-0.651895	 0.212137	 0.280237	 0.029176	 0.887148	 0.461486	 0.004000
-0.650575	 0.211504	 0.278381	 0.032720	 0.884511	 0.466519	 0.004000
-0.648555	 0.211337	 0.276507	 0.036253	 0.882367	 0.470562	 0.003999
-0.648273	 0.210045	 0.274619	 0.039779	 0.880773	 0.473539	 0.004000
-0.647569	 0.208943	 0.272715	 0.043297	 0.878119	 0.478442	 0.004000
-0.647447	 0.207664	 0.270791	 0.046804	 0.875357	 0.483476	 0.004000
-0.646504	 0.207035	 0.268849	 0.050302	 0.873295	 0.487192	 0.004000
-0.645442	 0.206584	 0.266892	 0.053790	 0.870942	 0.491386	 0.003999
-0.643220	 0.207132	 0.264915	 0.057266	 0.867479	 0.497474	 0.004000
-0.643220	 0.207132	 0.262918	 0.060733	 0.865632	 0.500682	 0.004001
-0.641133	 0.207532	 0.260908	 0.064191	 0.863499	 0.504351	 0.003999
-0.641122	 0.206531	 0.258879	 0.067637	 0.859767	 0.510686	 0.004001
-0.640698	 0.205765	 0.256826	 0.071071	 0.856742	 0.515745	 0.004000
-0.640491	 0.205072	 0.254754	 0.074493	 0.854196	 0.519952	 0.004000
-0.639139	 0.205310	 0.252664	 0.077904	 0.851248	 0.524764	 0.004000
-0.637717	 0.205827	 0.250551	 0.081300	 0.846901	 0.531751	 0.004000
-0.635690	 0.206823	 0.248414	 0.084681	 0.843708	 0.536803	 0.004000
-0.635690	 0.206823	 0.246256	 0.088049	 0.840256	 0.542189	 0.004000
-0.634916	 0.206834	 0.244072	 0.091400	 0.835267	 0.549844	 0.003999
-0.635103	 0.206206	 0.241857	 0.094730	 0.829914	 0.557892	 0.004001
-0.634519	 0.206234	 0.239613	 0.098042	 0.825743	 0.564046	 0.004000
-0.632367	 0.207751	 0.237345	 0.101336	 0.821464	 0.570260	 0.004000
-0.631514	 0.208259	 0.235045	 0.104609	 0.814982	 0.579487	 0.004000
-0.629864	 0.209701	 0.232712	 0.107858	 0.809557	 0.587041	 0.004000
-0.630943	 0.208559	 0.230350	 0.111086	 0.804477	 0.593983	 0.004000
-0.631090	 0.208311	 0.227961	 0.114293	 0.799369	 0.600840	 0.003999
-0.629971	 0.209283	 0.225538	 0.117476	 0.792224	 0.610230	 0.004000
-0.629121	 0.210043	 0.223082	 0.120634	 0.786422	 0.617689	 0.004000
-0.628949	 0.210323	 0.220598	 0.123769	 0.781137	 0.624360	 0.003999
-0.631269	 0.208327	 0.218087	 0.126882	 0.775425	 0.631439	 0.004000
-0.629439	 0.210090	 0.215544	 0.129970	 0.768324	 0.640061	 0.004000
-0.628023	 0.211666	 0.212964	 0.133026	 0.760068	 0.649844	 0.004001
-0.628878	 0.211261	 0.210349	 0.136054	 0.753598	 0.657336	 0.003999
-0.628878	 0.211261	 0.207705	 0.139054	 0.746678	 0.665186	 0.004000
-0.629682	 0.210987	 0.205028	 0.142028	 0.739691	 0.672946	 0.004000
-0.629240	 0.211925	 0.202317	 0.144969	 0.730698	 0.682701	 0.004000
-0.629760	 0.211763	 0.199570	 0.147876	 0.723049	 0.690797	 0.004000
-0.629641	 0.212167	 0.196794	 0.150755	 0.716790	 0.697289	 0.004000
-0.632504	 0.210219	 0.193993	 0.153611	 0.711096	 0.703095	 0.003999
-0.631429	 0.211574	 0.191171	 0.156445	 0.705981	 0.708231	 0.004000
-0.632117	 0.211705	 0.188328	 0.159259	 0.700956	 0.713205	 0.004000
-0.633750	 0.210618	 0.185469	 0.162057	 0.698049	 0.716050	 0.004000
-0.632906	 0.212218	 0.182600	 0.164845	 0.695896	 0.718143	 0.004001
-0.633497	 0.212111	 0.179725	 0.167625	 0.694112	 0.719867	 0.003999
-0.633738	 0.212355	 0.176841	 0.170397	 0.691949	 0.721947	 0.004000
-0.635625	 0.211571	 0.173950	 0.173161	 0.690285	 0.723537	 0.004000
-0.635639	 0.212574	 0.171048	 0.175915	 0.686183	 0.727429	 0.004000
-0.635639	 0.212574	 0.168128	 0.178648	 0.680758	 0.732508	 0.004000
-0.636598	 0.212762	 0.165186	 0.181359	 0.674252	 0.738502	 0.004000
-0.638088	 0.212532	 0.162217	 0.184040	 0.666115	 0.745849	 0.004001
-0.638478	 0.213386	 0.159214	 0.186682	 0.655064	 0.755574	 0.004000
-0.638478	 0.213386	 0.156164	 0.189269	 0.638289	 0.769797	 0.004000
-0.639640	 0.213579	 0.153057	 0.191787	 0.621029	 0.783787	 0.004000
-0.641743	 0.212981	 0.149891	 0.194231	 0.601120	 0.799159	 0.003999
-0.642856	 0.212878	 0.146664	 0.196593	 0.579937	 0.814661	 0.004000
-0.643515	 0.213736	 0.143373	 0.198868	 0.557466	 0.830200	 0.004000
-0.643703	 0.214605	 0.140024	 0.201053	 0.535046	 0.844823	 0.004000
-0.645924	 0.214167	 0.136618	 0.203149	 0.513245	 0.858242	 0.004000
-0.645924	 0.214167	 0.133157	 0.205155	 0.489691	 0.871896	 0.004000
-0.648961	 0.212990	 0.129652	 0.207082	 0.473518	 0.880784	 0.004000
-0.650370	 0.212997	 0.126113	 0.208948	 0.459471	 0.888193	 0.004000
-0.653125	 0.212183	 0.122549	 0.210763	 0.447814	 0.894127	 0.003999
-0.654356	 0.212453	 0.118964	 0.212537	 0.439398	 0.898292	 0.004001
-0.656643	 0.212292	 0.115362	 0.214277	 0.430438	 0.902620	 0.004001
-0.657976	 0.212723	 0.112482	 0.215650	 0.430162	 0.902752	 0.002380
